0 0 0
0 0 0
46 61 49
0 0 0
0 0 0
46 61 49
0 0 0
0 0 0
0 0 0
22 51 26
0 0 0
0 0 0
0 0 0
0 0 0
0 0 0
0 0 0
67 67 67
0 0 0
67 67 67
0 0 0
0 0 0
0 0 0
0 0 0
0 0 0
0 0 0
0 0 0
82 91 83
0 0 0
0 0 0
0 0 0
0 0 0
67 67 67
0 0 0
0 0 0
255 255 255
255 255 255
255 255 255
255 255 255
255 255 255
255 255 255
255 255 255
255 255 255
255 255 255
255 255 255
255 255 255
255 255 255
255 255 255
255 255 255
255 255 255
255 255 255
255 255 255
255 255 255
255 255 255
255 255 255
255 255 255
255 255 255
255 255 255
255 255 255
255 255 255
255 255 255
255 255 255
255 255 255
255 255 255
255 255 255
255 255 255
255 255 255
255 255 255
255 255 255
255 255 255
255 255 255
255 255 255
255 255 255
82 91 83
0 0 0
0 0 0
67 67 67
67 67 67
54 54 54
0 0 0
0 0 0
0 0 0
0 0 0
57 57 57
0 0 0
49 49 49
0 0 0
0 0 0
0 0 0
67 67 67
0 0 0
0 0 0
0 0 0
0 0 0
67 67 67
0 0 0
0 0 0
0 0 0
0 0 0
0 0 0
0 0 0
0 0 0
67 67 67
0 0 0
0 0 0
0 0 0
16 29 18
0 0 0
0 0 0
0 0 0
0 0 0
0 0 0
0 0 0
67 67 67
0 0 0
0 0 0
0 0 0
46 61 49
0 0 0
67 67 67
67 67 67
0 0 0
0 0 0
0 0 0
67 67 67
0 0 0
0 0 0
67 67 67
0 0 0
0 0 0
67 67 67
0 0 0
0 0 0
0 0 0
67 67 67
0 0 0
255 255 255
255 255 255
255 255 255
255 255 255
255 255 255
255 255 255
255 255 255
255 255 255
255 255 255
255 255 255
255 255 255
255 255 255
255 255 255
255 255 255
255 255 255
255 255 255
255 255 255
255 255 255
255 255 255
255 255 255
255 255 255
255 255 255
255 255 255
255 255 255
255 255 255
255 255 255
255 255 255
255 255 255
255 255 255
255 255 255
255 255 255
255 255 255
255 255 255
255 255 255
255 255 255
255 255 255
67 67 67
0 0 0
82 91 83
67 67 67
67 67 67
67 67 67
67 67 67
15 46 19
0 0 0
0 0 0
0 0 0
0 0 0
0 0 0
0 0 0
0 0 0
0 0 0
56 37 21
0 0 0
0 0 0
0 0 0
0 0 0
0 0 0
0 0 0
0 0 0
0 0 0
0 0 0
0 0 0
0 0 0
0 0 0
0 0 0
0 0 0
0 0 0
0 0 0
0 0 0
67 67 67
0 0 0
0 0 0
0 0 0
67 67 67
0 0 0
46 61 49
0 0 0
0 0 0
67 67 67
0 0 0
0 0 0
0 0 0
32 56 35
0 0 0
0 0 0
0 0 0
46 61 49
49 49 49
0 0 0
0 0 0
0 0 0
95 95 95
0 0 0
0 0 0
67 67 67
0 0 0
0 0 0
67 67 67
67 67 67
0 0 0
255 255 255
255 255 255
255 255 255
255 255 255
255 255 255
255 255 255
255 255 255
255 255 255
255 255 255
255 255 255
255 255 255
255 255 255
255 255 255
255 255 255
255 255 255
255 255 255
255 255 255
255 255 255
255 255 255
255 255 255
255 255 255
255 255 255
255 255 255
255 255 255
255 255 255
255 255 255
255 255 255
255 255 255
255 255 255
255 255 255
255 255 255
255 255 255
255 255 255
255 255 255
255 255 255
0 0 0
56 37 21
0 0 0
57 57 57
0 0 0
0 0 0
0 0 0
91 91 91
0 0 0
67 67 67
0 0 0
0 0 0
0 0 0
0 0 0
67 67 67
0 0 0
0 0 0
0 0 0
67 67 67
67 67 67
46 61 49
67 67 67
0 0 0
0 0 0
46 61 49
0 0 0
0 0 0
56 37 21
0 0 0
46 61 49
0 0 0
0 0 0
0 0 0
0 0 0
0 0 0
0 0 0
0 0 0
0 0 0
46 61 49
0 0 0
0 0 0
0 0 0
0 0 0
46 61 49
0 0 0
0 0 0
46 61 49
0 0 0
0 0 0
0 0 0
0 0 0
0 0 0
67 67 67
0 0 0
67 67 67
67 67 67
0 0 0
0 0 0
67 67 67
0 0 0
67 67 67
0 0 0
0 0 0
67 67 67
67 67 67
95 95 95
67 67 67
88 77 71
0 0 0
67 67 67
67 67 67
130 123 119
95 95 95
95 95 95
106 113 107
0 0 0
67 67 67
134 134 134
0 0 0
0 0 0
0 0 0
106 113 107
67 67 67
67 67 67
96 96 96
0 0 0
67 67 67
0 0 0
67 67 67
95 95 95
95 95 95
0 0 0
0 0 0
67 67 67
0 0 0
0 0 0
0 0 0
95 95 95
117 117 117
67 67 67
57 57 57
117 117 117
0 0 0
0 0 0
0 0 0
56 37 21
67 67 67
0 0 0
0 0 0
0 0 0
0 0 0
67 67 67
0 0 0
67 67 67
0 0 0
0 0 0
0 0 0
58 58 58
0 0 0
67 67 67
67 67 67
0 0 0
0 0 0
67 67 67
0 0 0
0 0 0
0 0 0
0 0 0
0 0 0
0 0 0
0 0 0
0 0 0
0 0 0
0 0 0
0 0 0
0 0 0
0 0 0
67 67 67
0 0 0
0 0 0
0 0 0
0 0 0
0 0 0
0 0 0
0 0 0
0 0 0
0 0 0
0 0 0
0 0 0
46 61 49
0 0 0
67 67 67
0 0 0
67 67 67
0 0 0
0 0 0
0 0 0
0 0 0
67 67 67
0 0 0
95 95 95
22 22 22
0 0 0
67 67 67
0 0 0
0 0 0
0 0 0
0 0 0
95 95 95
0 0 0
67 67 67
0 0 0
67 67 67
0 0 0
0 0 0
95 95 95
67 67 67
127 127 127
0 0 0
111 102 98
67 67 67
0 0 0
95 95 95
0 0 0
0 0 0
0 0 0
67 67 67
0 0 0
67 67 67
67 67 67
82 91 83
67 67 67
67 67 67
67 67 67
32 56 35
0 0 0
67 67 67
0 0 0
67 67 67
67 67 67
135 135 135
0 0 0
0 0 0
0 0 0
0 0 0
117 117 117
0 0 0
0 0 0
0 0 0
67 67 67
0 0 0
5 35 7
0 0 0
0 0 0
0 0 0
0 0 0
0 0 0
46 61 49
0 0 0
67 67 67
95 95 95
0 0 0
0 0 0
67 67 67
0 0 0
67 67 67
0 0 0
0 0 0
0 0 0
0 0 0
0 0 0
0 0 0
0 0 0
0 0 0
0 0 0
0 0 0
0 0 0
0 0 0
46 61 49
0 0 0
0 0 0
0 0 0
0 0 0
0 0 0
0 0 0
0 0 0
0 0 0
0 0 0
0 0 0
0 0 0
0 0 0
0 0 0
0 0 0
46 61 49
0 0 0
0 0 0
102 109 105
0 0 0
67 67 67
67 67 67
0 0 0
67 67 67
0 0 0
117 117 117
117 117 117
0 0 0
0 0 0
67 67 67
0 0 0
67 67 67
67 67 67
95 95 95
95 95 95
67 67 67
67 67 67
0 0 0
0 0 0
67 67 67
67 67 67
67 67 67
95 95 95
0 0 0
0 0 0
106 113 107
67 67 67
95 95 95
67 67 67
106 113 107
151 151 151
67 67 67
0 0 0
95 95 95
0 0 0
0 0 0
106 113 107
89 89 89
0 0 0
67 67 67
0 0 0
0 0 0
0 0 0
0 0 0
0 0 0
0 0 0
106 113 107
0 0 0
0 0 0
0 0 0
0 0 0
0 0 0
0 0 0
0 0 0
67 67 67
0 0 0
0 0 0
0 0 0
0 0 0
0 0 0
0 0 0
76 86 78
67 67 67
0 0 0
0 0 0
0 0 0
0 0 0
0 0 0
0 0 0
0 0 0
0 0 0
0 0 0
0 0 0
0 0 0
0 0 0
0 0 0
0 0 0
0 0 0
0 0 0
46 61 49
0 0 0
0 0 0
46 61 49
0 0 0
0 0 0
0 0 0
67 67 67
0 0 0
0 0 0
0 0 0
67 67 67
0 0 0
0 0 0
0 0 0
67 67 67
0 0 0
0 0 0
67 67 67
0 0 0
0 0 0
67 67 67
0 0 0
95 95 95
0 0 0
0 0 0
67 67 67
0 0 0
67 67 67
0 0 0
95 95 95
67 67 67
0 0 0
0 0 0
67 67 67
82 91 83
0 0 0
117 117 117
0 0 0
67 67 67
0 0 0
66 87 69
67 67 67
0 0 0
0 0 0
67 67 67
0 0 0
117 117 117
0 0 0
0 0 0
95 95 95
68 67 67
111 111 111
95 95 95
0 0 0
95 95 95
0 0 0
0 0 0
0 0 0
95 95 95
57 57 57
0 0 0
0 0 0
67 67 67
0 0 0
67 67 67
0 0 0
0 0 0
67 67 67
0 0 0
0 0 0
0 0 0
0 0 0
0 0 0
0 0 0
0 0 0
0 0 0
0 0 0
0 0 0
67 67 67
0 0 0
0 0 0
0 0 0
67 67 67
0 0 0
0 0 0
0 0 0
0 0 0
0 0 0
0 0 0
67 67 67
0 0 0
0 0 0
0 0 0
0 0 0
0 0 0
0 0 0
0 0 0
0 0 0
67 67 67
0 0 0
0 0 0
0 0 0
0 0 0
67 67 67
46 61 49
0 0 0
0 0 0
0 0 0
0 0 0
46 61 49
67 67 67
0 0 0
0 0 0
0 0 0
0 0 0
0 0 0
67 67 67
0 0 0
67 67 67
67 67 67
0 0 0
0 0 0
0 0 0
0 0 0
95 95 95
67 67 67
95 95 95
67 67 67
67 67 67
0 0 0
0 0 0
67 67 67
67 67 67
67 67 67
95 95 95
95 95 95
67 67 67
0 0 0
117 117 117
0 0 0
57 57 57
67 67 67
0 0 0
0 0 0
87 87 87
67 67 67
67 67 67
0 0 0
0 0 0
0 0 0
0 0 0
117 117 117
0 0 0
117 117 117
0 0 0
0 0 0
67 67 67
83 83 83
0 0 0
46 61 49
0 0 0
89 89 89
67 67 67
95 95 95
95 95 95
67 67 67
0 0 0
67 67 67
95 95 95
0 0 0
46 61 49
0 0 0
0 0 0
0 0 0
0 0 0
0 0 0
67 67 67
0 0 0
0 0 0
0 0 0
0 0 0
0 0 0
0 0 0
0 0 0
67 67 67
0 0 0
0 0 0
0 0 0
0 0 0
64 64 64
0 0 0
0 0 0
0 0 0
0 0 0
0 0 0
0 0 0
0 0 0
0 0 0
0 0 0
0 0 0
72 69 68
0 0 0
0 0 0
0 0 0
0 0 0
0 0 0
0 0 0
0 0 0
67 67 67
0 0 0
0 0 0
67 67 67
0 0 0
46 61 49
67 67 67
0 0 0
0 0 0
67 67 67
0 0 0
0 0 0
0 0 0
0 0 0
0 0 0
82 91 83
67 67 67
67 67 67
0 0 0
0 0 0
0 0 0
0 0 0
0 0 0
67 67 67
67 67 67
0 0 0
95 95 95
95 95 95
0 0 0
0 0 0
0 0 0
135 135 135
67 67 67
0 0 0
111 102 98
67 67 67
0 0 0
67 67 67
95 95 95
0 0 0
0 0 0
100 98 86
56 37 21
0 0 0
67 67 67
67 69 79
0 0 0
67 67 67
0 0 0
0 0 0
56 37 21
0 0 0
0 0 0
95 95 95
0 0 0
67 67 67
67 67 67
67 67 67
0 0 0
0 0 0
0 0 0
95 95 95
67 67 67
0 0 0
76 86 78
0 0 0
0 0 0
67 67 67
0 0 0
0 0 0
49 49 49
0 0 0
0 0 0
0 0 0
0 0 0
0 0 0
0 0 0
0 0 0
0 0 0
0 0 0
0 0 0
0 0 0
0 0 0
0 0 0
0 0 0
0 0 0
0 0 0
0 0 0
0 0 0
0 0 0
0 0 0
0 0 0
0 0 0
67 67 67
0 0 0
0 0 0
0 0 0
0 0 0
0 0 0
67 67 67
0 0 0
0 0 0
0 0 0
46 61 49
0 0 0
0 0 0
0 0 0
0 0 0
67 67 67
56 37 21
67 67 67
67 67 67
0 0 21
67 67 67
46 61 49
7 7 7
67 67 67
117 117 117
67 67 67
0 0 0
0 0 0
67 67 67
67 67 67
95 95 95
0 0 0
95 95 95
56 37 21
95 95 95
0 0 0
67 67 67
56 37 21
67 67 67
67 67 67
67 67 67
95 95 95
0 0 0
0 0 0
151 151 151
67 67 67
95 95 95
95 95 95
67 67 67
117 117 117
88 77 71
0 0 0
0 0 0
0 0 0
67 67 67
0 0 0
95 95 95
0 0 0
67 67 67
0 0 0
0 0 0
0 0 0
0 0 0
0 0 0
95 95 95
0 0 0
0 0 0
0 0 0
0 0 0
0 0 0
0 0 0
67 67 67
67 67 67
0 0 0
0 0 0
0 0 0
67 67 67
0 0 0
22 51 26
0 0 0
67 67 67
0 0 0
56 37 21
46 61 49
0 0 0
0 0 0
0 0 0
0 0 0
0 0 0
0 0 0
0 0 0
46 61 49
0 0 0
0 0 0
0 0 0
2 10 54
46 61 49
0 0 0
0 0 0
0 0 0
0 0 0
0 0 0
0 0 0
0 0 0
0 0 0
67 67 67
0 0 0
46 61 49
67 67 67
46 61 49
0 0 0
0 0 0
0 0 0
67 67 67
67 67 67
0 0 0
0 0 0
0 0 0
0 0 0
67 67 67
80 52 30
113 74 42
161 115 85
174 101 54
168 99 54
56 37 21
80 52 30
95 95 95
67 67 67
0 0 0
0 0 0
67 67 67
0 0 0
46 61 49
82 91 83
67 67 67
0 0 0
67 67 67
95 95 95
67 67 67
67 67 67
0 0 0
0 0 0
56 37 21
84 93 86
0 0 0
0 0 0
67 67 67
0 0 0
111 102 98
67 67 67
67 67 68
117 117 117
0 0 0
117 117 117
106 113 107
0 0 0
67 67 67
0 0 0
0 0 0
0 0 0
67 67 67
0 0 0
0 0 0
0 0 0
67 67 67
0 0 0
0 0 0
67 67 67
102 102 102
22 51 26
0 0 0
0 0 0
0 0 0
67 67 67
0 0 0
0 0 0
0 0 0
0 0 0
57 57 57
0 0 0
0 0 0
0 0 0
0 0 0
0 0 0
0 0 0
0 0 0
0 0 0
95 95 95
0 0 0
0 0 0
0 0 0
0 0 0
0 0 0
0 0 0
0 0 0
0 0 0
0 0 0
0 0 0
0 0 0
0 0 0
0 0 0
0 0 0
67 67 67
0 0 0
95 95 95
0 0 0
0 0 0
0 0 0
0 0 0
0 0 0
0 0 0
0 0 0
0 0 0
0 0 0
0 0 0
0 0 0
67 67 67
56 37 21
95 95 95
113 74 42
156 96 51
191 120 68
173 108 61
245 153 86
249 159 91
205 127 71
221 158 119
151 108 83
67 67 67
0 0 0
95 95 95
67 67 67
67 67 67
0 0 0
56 37 21
46 61 49
0 0 0
0 0 0
67 67 67
67 67 67
67 67 67
67 67 67
0 0 0
0 0 0
10 23 12
67 67 67
95 95 95
0 0 0
0 0 0
67 67 67
67 67 67
111 111 111
67 67 67
67 67 67
95 95 95
67 67 67
0 0 0
29 50 34
46 61 49
82 91 83
67 67 67
67 67 67
95 95 95
0 0 0
0 0 0
0 0 0
67 67 67
67 67 67
0 0 0
0 0 0
47 47 47
0 0 0
57 57 57
0 0 0
0 0 0
0 0 0
0 0 0
0 0 0
32 56 35
0 0 0
0 0 0
0 0 0
0 0 0
0 0 0
0 0 0
0 0 0
0 0 0
0 0 0
0 0 0
