0 0 0
0 0 0
0 0 0
67 67 67
0 0 0
67 67 67
0 0 0
0 0 0
0 0 0
0 0 0
0 0 0
0 0 0
0 0 0
0 0 0
67 67 67
67 67 67
0 0 0
0 0 0
0 0 0
0 0 0
0 0 0
0 0 0
0 0 0
0 0 0
95 95 95
46 61 49
0 0 0
47 20 6
88 77 71
56 37 21
56 37 21
0 0 0
104 59 31
122 76 43
157 100 57
212 133 75
215 136 77
197 122 68
180 110 61
80 52 30
0 0 0
0 0 0
0 0 0
67 67 67
0 0 0
0 0 0
67 67 67
57 57 57
95 95 95
117 117 117
0 0 0
0 0 0
67 67 67
67 67 67
0 0 0
0 0 0
67 67 67
94 110 97
0 0 0
0 0 0
0 0 0
0 0 0
95 95 95
0 0 0
95 95 95
0 0 0
95 95 95
0 0 0
67 67 67
0 0 0
111 111 111
46 61 49
0 0 0
0 0 0
117 117 117
0 0 0
95 95 95
67 67 67
0 0 0
46 61 49
0 0 0
0 0 0
0 0 0
82 91 83
0 0 0
67 67 67
0 0 0
0 0 0
46 61 49
0 0 0
0 0 0
0 0 0
0 0 0
0 0 0
0 0 0
0 0 0
0 0 0
0 0 0
0 0 0
67 67 67
0 0 0
0 0 0
0 0 0
0 0 0
0 0 0
18 24 19
0 0 0
46 61 49
0 0 0
0 0 0
0 0 0
0 0 0
0 0 0
0 0 0
0 0 0
67 67 67
0 0 0
0 0 0
0 0 0
0 0 0
67 67 67
0 0 0
0 0 0
0 0 0
0 0 0
23 41 26
46 61 49
67 67 67
67 67 67
0 0 0
0 0 0
56 37 21
67 67 67
47 20 6
93 56 31
73 42 22
225 139 78
188 116 65
154 95 53
151 108 83
93 56 31
0 0 0
67 67 67
67 67 67
67 67 67
0 0 0
0 0 0
95 95 95
64 64 64
0 0 0
95 95 95
67 67 67
0 0 0
46 61 49
67 67 67
0 0 0
95 95 95
67 67 67
0 0 0
111 111 111
0 0 0
0 0 0
0 0 0
0 0 0
67 67 67
67 67 67
67 67 67
95 95 95
95 95 95
0 0 0
46 61 49
67 67 67
0 0 0
67 67 67
57 57 57
67 67 67
42 42 42
67 67 67
0 0 0
67 67 67
46 61 49
82 91 83
0 0 0
0 0 0
0 0 0
0 0 0
0 0 0
67 67 67
0 0 0
0 0 0
0 0 0
0 0 0
0 0 0
0 0 0
67 67 67
0 0 0
0 0 0
0 0 0
0 0 0
0 0 0
0 0 0
0 0 0
67 67 67
0 0 0
0 0 0
0 0 0
0 0 0
0 0 0
0 0 0
0 0 0
0 0 0
0 0 0
0 0 0
0 0 0
0 0 0
56 56 56
0 0 0
0 0 0
0 0 0
67 67 67
0 0 0
0 0 0
95 95 95
0 0 0
0 0 0
0 0 0
67 67 67
0 0 0
0 0 0
0 0 0
0 0 0
56 37 21
47 20 6
80 52 30
56 37 21
122 76 43
151 108 83
149 98 56
114 63 32
141 94 75
101 68 44
42 42 42
117 117 117
95 95 95
95 95 95
67 67 67
0 0 0
111 111 111
87 94 72
67 67 67
0 0 0
0 0 0
67 67 67
72 85 73
130 123 119
0 0 0
80 80 80
10 42 13
0 0 0
0 0 0
0 0 0
0 0 0
46 61 49
0 0 0
0 0 0
0 0 0
95 95 95
0 0 0
0 0 0
0 0 0
0 0 0
82 91 83
0 0 0
0 0 0
57 57 57
0 0 0
46 61 49
0 0 0
67 67 67
95 95 95
82 91 83
76 76 76
49 49 49
57 57 57
0 0 0
83 83 83
82 91 83
82 91 83
0 0 0
48 31 18
49 49 49
0 0 0
0 0 0
0 0 0
0 0 0
95 95 95
0 0 0
0 0 0
0 0 0
0 0 0
46 61 49
0 0 0
0 0 0
0 0 0
67 67 67
0 0 0
0 0 0
0 0 0
0 0 0
0 0 0
10 42 13
0 0 0
0 0 0
0 0 0
0 0 0
0 0 0
0 0 0
46 61 49
0 0 0
0 0 0
0 0 0
0 0 0
0 0 0
67 67 67
0 0 0
0 0 0
0 0 0
0 0 0
0 0 0
0 0 0
19 19 19
73 71 53
0 0 0
0 0 22
39 33 15
0 0 0
46 61 49
154 103 58
90 79 42
98 64 37
128 95 77
56 37 21
0 0 0
0 0 0
105 126 108
0 0 0
0 0 0
0 0 0
67 67 67
67 67 67
95 95 95
0 0 0
0 0 0
67 67 67
67 67 67
67 67 67
0 0 0
67 67 67
0 0 0
67 67 67
67 67 67
0 0 0
0 0 0
0 0 0
0 0 0
67 67 67
95 95 95
0 0 0
67 67 67
117 117 117
0 0 0
89 89 89
0 0 0
110 110 110
0 0 0
0 0 0
0 0 0
0 0 0
57 57 57
103 103 103
207 206 205
172 172 172
111 111 111
131 131 131
144 144 144
125 125 125
0 0 0
0 0 0
95 95 95
165 165 165
157 157 157
55 65 56
57 57 57
0 0 0
67 67 67
111 111 111
114 114 114
81 81 81
0 0 0
67 67 67
0 0 0
0 0 0
67 67 67
66 87 69
67 67 67
0 0 0
0 0 0
0 0 0
0 0 0
0 0 0
0 0 0
0 0 0
0 0 0
0 0 0
0 0 0
67 67 67
0 0 0
46 61 49
76 76 76
0 0 0
0 0 0
67 67 67
0 0 0
67 67 67
0 0 0
0 0 0
0 0 0
0 0 0
0 0 0
32 56 35
0 0 0
0 0 0
0 0 0
0 0 0
0 0 0
80 52 30
104 83 58
81 53 30
135 85 48
103 81 71
98 64 37
80 52 30
67 67 67
67 67 67
0 0 0
95 95 95
0 0 0
15 46 19
67 67 67
0 0 0
0 0 0
67 67 67
48 48 48
95 95 95
117 117 117
67 67 67
57 57 57
0 0 0
0 0 0
0 0 0
27 27 27
95 95 95
0 0 0
67 67 67
0 0 0
0 0 0
0 0 0
114 121 115
0 0 0
22 51 26
0 0 0
67 67 67
67 67 67
0 0 0
0 0 0
95 95 95
81 81 81
111 111 111
200 197 196
231 235 232
194 192 191
118 118 118
43 43 43
91 91 91
179 184 180
122 135 123
106 106 106
134 134 134
139 139 139
143 143 143
26 26 26
105 105 106
41 27 15
0 0 0
124 125 124
166 166 166
82 82 83
0 0 0
0 0 0
0 0 0
0 0 0
0 0 0
0 0 0
0 0 0
0 0 0
0 0 0
0 0 0
0 0 0
0 0 0
0 0 0
0 0 0
0 0 0
0 0 0
0 0 0
0 0 0
0 0 0
0 0 0
0 0 0
0 0 0
0 0 0
0 0 0
0 0 0
0 0 0
0 0 0
0 0 0
46 61 49
67 67 67
0 0 0
0 0 0
39 33 15
0 0 0
48 31 18
39 33 15
67 67 67
0 0 0
0 0 0
56 37 21
89 62 34
93 56 31
0 0 0
65 41 21
56 37 21
0 0 0
0 0 0
0 0 0
0 0 0
0 0 0
67 67 67
117 117 117
67 67 67
67 67 67
67 67 67
67 67 67
10 42 13
94 94 94
0 0 0
0 0 0
67 67 67
0 0 0
0 0 0
67 67 67
67 67 67
73 83 74
0 0 0
46 61 49
0 0 0
0 0 0
0 0 0
0 0 0
0 0 0
95 95 95
0 0 0
46 61 49
0 0 0
67 67 67
255 255 255
208 211 209
211 211 211
172 171 166
206 206 206
172 176 173
49 49 49
125 125 125
131 131 131
106 117 108
53 63 55
27 27 27
87 87 87
140 139 138
149 149 149
0 0 0
73 85 74
40 52 42
12 12 12
56 56 56
149 149 149
0 0 0
0 0 0
0 0 0
0 0 0
0 0 0
0 0 0
67 67 67
0 0 0
0 0 0
67 67 67
0 0 0
0 0 0
0 0 0
0 0 0
46 61 49
0 0 0
95 95 95
0 0 0
0 0 0
33 44 35
0 0 0
0 0 0
0 0 0
0 0 0
0 0 0
0 0 0
0 0 0
0 0 0
0 0 0
67 67 67
67 67 67
39 33 15
56 37 21
39 33 15
39 33 15
0 0 6
56 37 21
0 0 0
46 61 49
68 50 26
22 16 3
98 64 37
51 38 16
67 67 67
80 52 30
56 37 21
0 0 0
67 67 67
117 117 117
0 0 0
67 67 67
95 95 95
67 67 67
0 0 0
0 0 0
95 95 95
0 0 0
67 67 67
67 67 67
0 0 0
61 61 61
67 67 67
46 61 49
0 0 0
67 67 67
0 0 0
0 0 0
95 95 95
0 0 0
0 0 0
0 0 0
95 95 95
0 0 0
95 95 95
0 0 0
67 67 67
0 0 0
0 0 0
0 0 0
206 208 206
155 157 155
227 230 227
154 157 154
201 206 198
101 108 98
126 121 118
84 96 85
96 98 90
59 59 59
57 57 57
88 89 88
66 66 66
115 113 108
63 72 64
67 67 67
0 0 0
115 118 115
67 67 67
36 36 36
95 95 95
91 97 92
0 0 0
0 0 0
0 0 0
0 0 0
0 0 0
0 0 0
0 0 0
0 0 0
0 0 0
0 0 0
0 0 0
0 0 0
0 0 0
0 0 0
0 0 0
67 67 67
0 0 0
95 95 95
0 0 0
67 67 67
67 67 67
0 0 0
0 0 0
0 0 0
67 67 67
2 2 2
56 37 21
0 0 0
89 89 89
0 0 0
0 0 0
0 0 0
55 47 22
0 0 0
59 46 22
0 0 0
0 0 0
0 0 0
56 37 21
68 47 24
47 20 6
39 33 15
46 61 49
56 37 21
57 37 21
0 0 0
67 67 67
46 61 49
46 61 49
82 91 83
13 13 13
0 0 0
67 67 67
22 51 26
0 0 0
0 0 0
0 0 0
117 117 117
0 0 0
0 0 0
0 0 0
67 67 67
0 0 0
70 70 70
100 103 100
0 0 0
0 0 0
67 67 67
0 0 0
0 0 0
0 0 0
32 32 32
57 57 57
67 67 67
60 60 60
67 67 67
67 67 67
0 0 0
120 123 123
119 123 119
168 164 161
164 164 164
211 208 208
76 86 77
119 120 115
65 65 65
100 100 100
72 75 73
53 53 53
107 100 97
181 182 176
101 101 101
80 87 81
9 17 10
0 0 0
34 45 35
56 56 56
0 0 0
69 58 52
0 0 0
0 0 0
0 0 0
0 0 0
67 67 67
22 51 26
0 0 0
67 67 67
6 10 6
0 0 0
0 0 0
0 0 0
0 0 0
0 0 0
0 0 0
0 0 0
67 67 67
0 0 0
0 0 0
0 0 0
46 61 49
0 0 0
0 0 0
0 0 30
46 61 49
95 95 95
43 43 43
0 0 0
0 0 0
0 0 0
0 0 0
0 0 0
61 70 51
0 0 0
68 50 26
0 0 0
39 33 15
39 33 15
0 0 0
0 0 0
0 0 0
0 0 0
0 0 0
68 50 26
0 0 0
67 67 67
59 59 59
32 32 32
0 0 0
0 0 0
0 0 0
0 0 0
0 0 0
67 67 67
0 0 0
75 88 76
0 0 0
67 67 67
15 15 15
67 67 67
0 0 0
0 0 0
67 67 67
0 0 0
0 0 0
46 61 49
67 67 67
89 89 89
67 67 67
0 0 0
0 0 0
0 0 0
67 67 67
0 0 0
0 0 0
15 46 19
0 0 0
95 95 95
0 0 0
114 114 114
106 115 107
227 227 227
241 241 241
98 102 98
216 216 216
97 97 97
141 141 141
132 133 126
0 0 0
44 44 43
56 56 56
57 57 57
0 0 0
26 26 26
71 73 71
42 42 42
0 0 0
57 57 57
91 97 92
49 49 49
0 0 0
0 0 0
0 0 0
0 0 0
0 0 0
0 0 0
0 0 0
95 95 95
0 0 0
0 0 0
0 0 0
0 0 0
0 0 0
67 67 67
0 0 0
15 46 19
0 0 0
0 0 0
0 0 0
0 0 0
0 0 0
0 0 0
67 67 67
0 0 0
0 0 0
0 0 0
0 0 0
0 0 0
67 67 67
0 0 0
0 0 0
0 0 0
47 45 19
28 24 11
0 0 0
27 30 11
22 16 13
39 33 15
32 18 4
95 89 72
0 0 0
44 41 50
0 0 0
72 58 26
0 0 0
47 65 49
0 0 0
0 0 0
95 95 95
0 0 0
135 135 135
0 0 0
22 51 26
86 86 86
46 61 49
0 0 0
0 0 0
0 0 0
46 61 49
0 0 0
67 67 67
89 89 89
67 67 67
0 0 0
67 67 67
0 0 0
57 57 57
0 0 0
95 95 95
67 67 67
67 67 67
0 0 0
0 0 0
0 0 0
0 0 0
46 61 49
0 0 0
0 0 0
67 67 67
166 171 166
217 215 214
200 200 200
171 171 171
100 100 100
129 135 130
96 96 96
201 201 201
70 78 71
0 0 0
48 48 48
112 112 112
129 129 129
57 57 57
0 0 0
67 67 67
42 43 42
69 69 69
59 58 58
92 92 92
70 78 71
81 81 81
0 0 0
0 0 0
95 95 95
0 0 0
67 67 67
67 67 67
0 0 0
0 0 0
46 61 49
0 0 0
0 0 0
0 0 0
0 0 0
0 0 0
68 79 69
46 61 49
0 0 0
46 61 49
0 0 0
46 61 49
0 0 0
0 0 0
0 0 0
106 113 107
67 67 67
0 0 0
0 0 0
0 0 0
46 61 49
0 0 0
78 75 69
39 33 15
0 0 0
0 0 0
39 33 15
56 37 21
39 33 15
72 76 42
53 47 20
57 54 23
58 45 22
78 76 71
67 67 67
0 0 0
95 95 95
0 0 0
67 67 67
0 0 0
32 56 35
0 0 0
0 0 0
0 0 0
0 0 0
67 67 67
95 95 95
0 0 0
60 60 60
0 0 0
0 0 0
95 95 95
67 67 67
67 67 67
22 22 22
0 0 0
46 61 49
67 67 67
67 67 67
65 65 65
0 0 0
67 67 67
0 0 0
95 95 95
0 0 0
0 0 0
46 61 49
0 0 0
0 0 0
117 117 117
98 108 100
225 225 225
207 207 207
69 77 70
109 111 109
138 138 138
118 118 119
92 99 93
44 49 45
39 39 39
53 53 53
186 186 186
34 45 35
49 49 49
146 149 146
162 162 162
0 0 0
97 97 99
79 79 79
93 93 93
95 101 96
138 138 138
0 0 0
0 0 0
0 0 0
0 0 0
67 67 67
0 0 0
0 0 0
0 0 0
67 67 67
46 61 49
67 67 67
0 0 0
0 0 0
0 0 0
0 0 0
0 0 0
67 67 67
0 0 0
0 0 0
67 67 67
0 0 0
0 0 0
67 67 67
0 0 0
67 67 67
0 0 0
0 0 0
67 67 67
0 0 0
0 0 0
0 0 0
39 33 15
43 40 17
39 33 15
65 59 25
41 42 16
67 58 27
66 50 22
67 58 27
39 33 15
39 33 15
39 33 15
0 0 0
82 91 83
46 61 49
0 0 0
67 67 67
67 67 67
82 91 83
68 79 69
95 95 95
67 67 67
0 0 0
67 67 67
67 67 67
46 61 49
0 0 0
41 54 43
67 67 67
3 3 3
91 91 91
90 90 90
127 127 127
102 102 102
79 79 79
0 0 0
0 0 0
67 67 67
67 67 67
0 0 0
0 0 0
95 95 95
32 56 35
0 0 0
57 57 57
89 89 89
0 0 0
0 0 0
170 179 171
165 173 166
109 114 110
117 117 117
181 181 181
122 122 122
175 175 175
70 70 70
52 52 52
58 58 58
148 148 148
112 112 112
43 56 46
18 24 19
111 115 112
74 74 74
20 34 22
67 67 67
46 60 47
0 0 0
103 109 104
69 69 69
67 67 67
0 0 0
0 0 0
