0 0 0
0 0 0
0 0 0
0 0 0
0 0 0
0 0 0
0 0 0
67 67 67
0 0 0
0 0 0
0 0 0
67 67 67
0 0 0
82 91 83
0 0 0
31 31 31
0 0 0
0 0 0
0 0 0
0 0 0
0 0 0
67 67 67
0 0 0
67 67 67
0 0 0
46 61 49
0 0 0
0 0 0
0 0 0
67 67 67
0 0 0
0 0 0
67 67 67
67 67 67
0 0 0
67 67 67
0 0 0
53 53 53
0 0 0
67 67 67
50 50 50
30 30 30
67 67 67
0 0 0
0 0 0
95 95 95
67 67 67
67 67 67
67 67 67
67 67 67
67 67 67
95 95 95
67 67 67
0 0 0
0 0 0
67 67 67
0 0 0
0 0 0
0 0 0
0 0 0
0 0 0
67 67 67
67 67 67
0 0 0
103 103 103
106 113 107
0 0 0
95 95 95
67 67 67
0 0 0
0 0 0
67 67 67
0 0 0
67 67 67
67 67 67
62 62 62
67 67 67
0 0 0
67 67 67
0 0 0
0 0 0
0 0 0
0 0 0
0 0 0
67 67 67
0 0 0
0 0 0
67 67 67
0 0 0
0 0 0
0 0 0
46 61 49
0 0 0
0 0 0
0 0 0
0 0 0
0 0 0
0 0 0
0 0 0
0 0 0
67 67 67
0 0 0
0 0 0
0 0 0
0 0 0
0 0 0
46 61 49
67 67 67
0 0 0
67 67 67
0 0 0
0 0 0
0 0 0
67 67 67
0 0 0
0 0 0
67 67 67
0 0 0
0 0 0
0 0 0
0 0 0
0 0 0
0 0 0
0 0 0
0 0 0
0 0 0
0 0 0
0 0 0
0 0 0
67 67 67
0 0 0
0 0 0
67 67 67
67 67 67
67 67 67
0 0 0
67 67 67
0 0 0
67 67 67
67 67 67
0 0 0
67 67 67
67 67 67
95 95 95
0 0 0
0 0 0
0 0 0
0 0 0
117 117 117
67 67 67
0 0 0
67 67 67
67 67 67
67 67 67
67 67 67
0 0 0
0 0 0
67 67 67
95 95 95
95 95 95
95 95 95
30 30 30
67 67 67
0 0 0
117 117 117
0 0 0
0 0 0
67 67 67
0 0 0
95 95 95
95 95 95
67 67 67
0 0 0
67 67 67
95 95 95
67 67 67
67 67 67
0 0 0
95 95 95
0 0 0
0 0 0
67 67 67
67 67 67
0 0 0
28 28 28
0 0 0
0 0 0
106 113 107
0 0 0
0 0 0
0 0 0
67 67 67
0 0 0
0 0 0
0 0 0
0 0 0
0 0 0
0 0 0
0 0 0
0 0 0
0 0 0
0 0 0
0 0 0
0 0 0
0 0 0
0 0 0
0 0 0
0 0 0
0 0 0
0 0 0
67 67 67
0 0 0
0 0 0
67 67 67
0 0 0
0 0 0
0 0 0
0 0 0
0 0 0
0 0 0
0 0 0
0 0 0
0 0 0
67 67 67
0 0 0
46 61 49
0 0 0
46 61 49
0 0 0
0 0 0
67 67 67
0 0 0
67 67 67
0 0 0
0 0 0
0 0 0
0 0 0
95 95 95
0 0 0
67 67 67
0 0 0
0 0 0
0 0 0
67 67 67
0 0 0
117 117 117
95 95 95
67 67 67
0 0 0
116 116 116
0 0 0
95 95 95
0 0 0
67 67 67
67 67 67
95 95 95
67 67 67
67 67 67
0 0 0
0 0 0
10 42 13
117 117 117
67 67 67
0 0 0
0 0 0
0 0 0
46 61 49
0 0 0
0 0 0
0 0 0
0 0 0
67 67 67
95 95 95
67 67 67
0 0 0
95 95 95
67 67 67
0 0 0
0 0 0
0 0 0
0 0 0
0 0 0
67 67 67
0 0 0
0 0 0
0 0 0
0 0 0
0 0 0
0 0 0
67 67 67
67 67 67
0 0 0
0 0 0
0 0 0
0 0 0
0 0 0
67 67 67
0 0 0
0 0 0
0 0 0
0 0 0
0 0 0
0 0 0
67 67 67
0 0 0
0 0 0
72 83 74
0 0 0
0 0 0
0 0 0
0 0 0
0 0 0
0 0 0
0 0 0
67 67 67
46 61 49
0 0 0
0 0 0
0 0 0
0 0 0
0 0 0
67 67 67
0 0 0
0 0 0
67 67 67
0 0 0
0 0 0
67 67 67
0 0 0
0 0 0
104 104 104
0 0 0
11 11 11
0 0 0
0 0 0
0 0 0
0 0 0
67 67 67
0 0 0
67 67 67
67 67 67
95 95 95
67 67 67
95 95 95
95 95 95
46 61 49
67 67 67
67 67 67
95 95 95
95 95 95
54 54 54
0 0 0
0 0 0
67 67 67
67 67 67
67 67 67
0 0 0
67 67 67
95 95 95
0 0 0
0 0 0
46 61 49
95 95 95
0 0 0
0 0 0
0 0 0
95 95 95
67 67 67
67 67 67
67 67 67
117 117 117
67 67 67
95 95 95
67 67 67
0 0 0
95 95 95
0 0 0
0 0 0
0 0 0
0 0 0
0 0 0
0 0 0
0 0 0
67 67 67
95 95 95
0 0 0
0 0 0
0 0 0
67 67 67
0 0 0
0 0 0
0 0 0
95 95 95
0 0 0
0 0 0
0 0 0
0 0 0
0 0 0
67 67 67
0 0 0
0 0 0
0 0 0
0 0 0
67 67 67
67 67 67
0 0 0
0 0 0
0 0 0
46 61 49
0 0 0
0 0 0
0 0 0
0 0 0
0 0 0
0 0 0
0 0 0
67 67 67
0 0 0
0 0 0
46 61 49
67 67 67
0 0 0
0 0 0
0 0 0
0 0 0
0 0 0
0 0 0
0 0 0
0 0 0
0 0 0
67 67 67
0 0 0
67 67 67
0 0 0
67 67 67
67 67 67
0 0 0
67 67 67
67 67 67
67 67 67
67 67 67
67 67 67
67 67 67
67 67 67
67 67 67
0 0 0
67 67 67
97 100 102
0 0 0
67 67 67
67 67 67
67 67 67
95 95 95
95 95 95
67 67 67
0 0 0
95 95 95
67 67 67
0 0 0
67 67 67
67 67 67
0 0 0
0 0 0
67 67 67
67 67 67
95 95 95
0 1 44
67 67 67
0 0 0
0 0 0
67 67 67
67 67 67
0 0 0
0 0 0
82 91 83
0 0 0
52 80 55
0 0 0
0 0 0
95 95 95
0 0 0
67 67 67
0 0 0
0 0 0
67 67 67
0 0 0
0 0 0
66 87 69
67 67 67
67 67 67
0 0 0
0 0 0
0 0 0
67 67 67
0 0 0
0 0 0
67 67 67
76 76 76
0 0 0
0 0 0
0 0 0
0 0 0
0 0 0
0 0 0
0 0 0
0 0 0
0 0 0
0 0 0
0 0 0
67 67 67
0 0 0
0 0 0
67 67 67
0 0 0
67 67 67
0 0 0
0 0 0
0 0 0
0 0 0
0 0 0
67 67 67
0 0 0
95 95 95
67 67 67
0 0 0
67 67 67
0 0 0
0 0 0
0 0 0
0 0 0
67 67 67
0 0 0
67 67 67
67 67 67
0 0 0
0 0 0
95 95 95
0 0 0
0 0 0
0 0 0
0 0 0
0 0 0
0 0 0
67 67 67
67 67 67
100 98 86
117 117 117
67 67 67
0 0 0
67 67 67
0 0 0
0 0 0
0 0 0
67 67 67
67 67 67
0 0 0
67 67 67
67 67 67
95 95 95
0 0 0
0 0 0
95 95 95
67 67 67
0 0 0
67 67 67
0 0 0
0 0 0
67 67 67
0 0 0
67 67 67
0 0 0
0 0 0
67 67 67
0 0 0
0 0 0
0 0 0
0 0 0
0 0 0
0 0 0
46 61 49
0 0 0
67 67 67
0 0 0
67 67 67
67 67 67
67 67 67
0 0 0
67 67 67
0 0 0
67 67 67
0 0 0
0 0 0
0 0 0
0 0 0
0 0 0
0 0 0
0 0 0
0 0 0
0 0 0
0 0 0
0 0 0
0 0 0
0 0 0
0 0 0
0 0 0
0 0 0
0 0 0
0 0 0
0 0 0
0 0 0
0 0 0
67 67 67
0 0 0
0 0 0
0 0 0
0 0 0
0 0 0
0 0 0
46 61 49
0 0 0
0 0 0
46 61 49
0 0 0
0 0 0
46 61 49
0 0 0
0 0 0
0 0 0
0 0 0
0 0 0
0 0 0
67 67 67
67 67 67
0 0 0
0 0 0
67 67 67
67 67 67
0 0 0
0 0 0
95 95 95
0 0 0
74 84 76
0 0 0
0 0 0
67 67 67
82 91 83
0 0 0
67 67 67
67 67 67
0 0 0
67 67 67
67 67 67
67 67 67
0 0 0
67 67 67
67 68 67
82 91 83
67 67 67
95 95 95
95 95 95
67 67 67
67 67 67
0 0 0
67 67 67
0 0 0
0 0 0
95 95 95
67 67 67
56 56 56
67 67 67
67 67 67
67 67 67
0 0 0
0 0 0
0 0 0
0 0 0
67 67 67
0 0 0
67 67 67
56 56 56
0 0 0
67 67 67
67 67 67
67 67 67
67 67 67
57 57 57
67 67 67
0 0 0
67 67 67
0 0 0
0 0 0
0 0 0
0 0 0
0 0 0
0 0 0
0 0 0
32 56 35
0 0 0
0 0 0
0 0 0
0 0 0
0 0 0
0 0 0
15 46 19
0 0 0
0 0 0
0 0 0
67 67 67
0 0 0
0 0 0
0 0 0
0 0 0
22 51 26
0 8 21
0 0 0
46 61 49
0 0 0
0 0 0
0 0 0
0 0 0
0 0 0
0 0 0
0 0 0
0 0 0
0 0 0
0 0 0
0 0 0
22 51 26
67 67 67
0 0 0
95 95 95
0 0 0
0 0 0
67 67 67
95 95 95
95 95 95
82 91 83
0 0 0
0 0 0
0 0 0
67 67 67
0 0 0
0 0 0
135 135 135
67 67 67
67 67 67
95 95 95
67 67 67
74 74 74
0 0 0
67 67 67
135 135 135
0 0 0
67 67 67
0 0 0
67 67 67
0 0 0
117 117 117
82 91 83
0 0 0
117 117 117
67 67 67
95 95 95
0 0 0
0 0 0
95 95 95
0 0 0
0 0 0
95 95 95
0 0 0
67 67 67
0 0 0
90 90 90
0 0 0
67 67 67
95 95 95
67 67 67
0 0 0
0 0 0
0 0 0
30 30 30
0 0 0
0 0 0
46 61 49
0 0 0
0 0 0
67 67 67
0 0 0
0 0 0
32 56 35
46 61 49
0 0 0
0 0 0
0 0 0
0 0 0
0 0 0
67 67 67
67 67 67
0 0 0
42 42 42
0 0 0
0 0 0
0 0 0
0 0 0
0 0 0
0 0 0
0 0 0
0 0 0
0 0 0
46 61 49
0 0 0
0 0 0
0 0 0
0 0 0
0 0 0
67 67 67
0 0 0
0 0 0
0 0 0
32 56 35
0 0 0
0 0 0
46 61 49
0 0 0
0 0 0
0 0 0
0 0 0
0 0 0
0 0 0
0 0 0
111 102 98
0 0 0
67 67 67
0 0 0
67 67 67
0 0 0
0 0 0
67 67 67
0 0 0
0 0 0
95 95 95
0 0 0
67 67 67
0 0 0
95 95 95
135 135 135
67 67 67
95 95 95
117 117 117
67 67 67
95 95 95
117 117 117
95 95 95
67 67 67
67 67 67
95 95 95
95 95 95
67 67 67
0 0 0
95 95 95
0 0 0
67 67 67
0 0 0
67 67 67
66 66 66
67 67 67
67 67 67
0 0 0
0 0 0
95 95 95
0 0 0
0 0 0
0 0 0
46 61 49
0 0 0
46 61 49
0 0 0
67 67 67
46 61 49
67 67 67
0 0 0
0 0 0
0 0 0
82 91 83
67 67 67
0 0 0
0 0 0
0 0 0
0 0 0
0 0 0
67 67 67
0 0 0
0 0 0
67 67 67
0 0 0
0 0 0
0 0 0
0 0 0
0 0 0
0 0 0
0 0 0
0 0 0
0 0 0
46 61 49
0 0 0
0 0 0
0 0 10
0 0 0
0 0 0
67 67 67
6 6 6
0 0 0
0 0 0
0 0 0
0 0 0
0 0 0
89 89 89
0 0 0
0 0 0
0 0 0
0 0 0
0 0 0
0 0 0
0 0 0
67 67 67
0 0 0
0 0 0
67 67 67
0 0 0
32 56 35
0 0 0
67 67 67
67 67 67
95 95 95
0 0 0
95 95 95
89 89 89
67 67 67
0 0 0
0 0 0
95 95 95
75 88 76
67 67 67
95 95 95
82 91 83
67 67 67
46 61 49
67 67 67
117 117 117
67 67 67
95 95 95
67 67 67
95 95 95
79 79 79
165 165 165
165 165 165
135 135 135
151 151 151
165 165 165
255 255 255
255 255 255
214 214 214
253 253 253
255 255 255
255 255 255
255 255 255
255 255 255
255 255 255
255 255 255
255 255 255
255 255 255
255 255 255
255 255 255
255 255 255
67 67 67
67 67 67
67 67 67
32 56 35
67 67 67
0 0 0
67 67 67
67 67 67
0 0 0
0 0 0
0 0 0
95 95 95
0 0 0
67 67 67
67 67 67
0 0 0
0 0 0
0 0 0
0 0 0
0 0 0
0 0 0
0 0 0
0 0 0
57 57 57
67 67 67
0 0 0
46 61 49
46 61 49
0 0 0
0 0 0
0 0 0
0 0 0
0 0 0
0 0 0
0 0 0
67 67 67
0 0 0
0 0 0
68 79 69
0 0 0
0 0 0
0 0 0
0 0 0
0 0 0
0 0 0
0 0 0
46 61 49
0 0 0
0 0 0
67 67 67
0 0 0
0 0 0
88 77 71
0 0 0
0 0 0
67 67 67
255 255 255
255 255 255
255 255 255
255 255 255
255 255 255
255 255 255
255 255 255
255 255 255
255 255 255
255 255 255
255 255 255
255 255 255
255 255 255
255 255 255
255 255 255
255 255 255
255 255 255
255 255 255
255 255 255
255 255 255
255 255 255
255 255 255
255 255 255
255 255 255
255 255 255
255 255 255
255 255 255
255 255 255
255 255 255
255 255 255
255 255 255
255 255 255
255 255 255
255 255 255
255 255 255
255 255 255
255 255 255
255 255 255
255 255 255
255 255 255
255 255 255
255 255 255
255 255 255
255 255 255
67 67 67
0 0 0
0 0 0
67 67 67
0 0 0
0 0 0
0 0 0
0 0 0
0 0 0
0 0 0
67 67 67
0 0 0
0 0 0
0 0 0
0 0 0
0 0 0
0 0 0
0 0 0
0 0 0
0 0 0
0 0 0
0 0 0
67 67 67
0 0 0
67 67 67
0 0 0
60 60 64
0 0 0
0 0 0
0 0 0
0 0 0
0 0 0
0 0 0
0 0 0
0 0 0
0 0 0
0 0 0
67 67 67
0 0 0
0 0 0
0 0 0
0 0 0
0 0 0
0 0 0
0 0 0
0 0 0
0 0 0
67 67 67
0 0 0
67 67 67
67 67 67
0 0 0
0 0 0
0 0 0
0 0 0
67 67 67
46 61 49
255 255 255
255 255 255
255 255 255
255 255 255
255 255 255
255 255 255
255 255 255
255 255 255
255 255 255
255 255 255
255 255 255
255 255 255
255 255 255
255 255 255
255 255 255
255 255 255
255 255 255
255 255 255
255 255 255
255 255 255
255 255 255
255 255 255
255 255 255
255 255 255
255 255 255
255 255 255
255 255 255
255 255 255
255 255 255
255 255 255
255 255 255
255 255 255
255 255 255
255 255 255
255 255 255
255 255 255
255 255 255
255 255 255
255 255 255
255 255 255
255 255 255
255 255 255
255 255 255
0 0 0
0 0 0
0 0 0
0 0 0
0 0 0
0 0 0
0 0 0
0 0 0
0 0 0
67 67 67
0 0 0
0 0 0
0 0 0
67 67 67
0 0 0
0 0 0
0 0 0
0 0 0
0 0 0
0 0 0
0 0 0
0 0 0
0 0 0
0 0 0
0 0 0
0 0 0
0 0 0
0 0 0
0 0 0
0 0 0
0 0 0
46 61 49
0 0 0
0 0 0
46 61 49
0 0 0
0 0 0
0 0 0
0 0 0
0 0 0
67 67 67
0 0 0
0 0 0
0 0 0
0 0 0
1 6 52
67 67 67
67 67 67
0 0 0
0 0 0
0 0 0
50 50 50
0 0 0
0 0 0
0 0 0
67 67 67
82 91 83
203 203 203
255 255 255
255 255 255
255 255 255
255 255 255
255 255 255
255 255 255
255 255 255
255 255 255
255 255 255
255 255 255
255 255 255
255 255 255
255 255 255
255 255 255
255 255 255
255 255 255
255 255 255
255 255 255
255 255 255
255 255 255
255 255 255
255 255 255
255 255 255
255 255 255
255 255 255
255 255 255
255 255 255
255 255 255
255 255 255
255 255 255
255 255 255
255 255 255
255 255 255
255 255 255
255 255 255
255 255 255
255 255 255
255 255 255
255 255 255
255 255 255
255 255 255
95 95 95
95 95 95
0 0 0
0 0 0
0 0 0
0 0 0
0 0 0
0 0 0
0 0 0
0 0 0
46 61 49
0 0 0
0 0 0
0 0 0
0 0 0
67 67 67
0 0 0
46 61 49
67 67 67
0 0 0
0 0 0
67 67 67
46 61 49
0 0 0
0 0 0
0 0 0
67 67 67
0 0 0
0 0 0
0 0 0
0 0 0
0 0 0
0 0 0
0 0 0
0 0 0
0 0 0
0 0 0
0 0 0
0 0 0
0 0 0
0 0 0
0 0 0
70 72 70
0 0 0
0 0 0
0 0 0
0 0 0
52 80 55
67 67 67
0 0 0
0 0 0
0 0 0
0 0 0
0 0 0
0 4 49
0 0 0
95 95 95
22 50 25
0 0 0
255 255 255
255 255 255
255 255 255
255 255 255
255 255 255
255 255 255
255 255 255
255 255 255
255 255 255
255 255 255
255 255 255
255 255 255
255 255 255
255 255 255
255 255 255
255 255 255
255 255 255
255 255 255
255 255 255
255 255 255
255 255 255
255 255 255
255 255 255
255 255 255
255 255 255
255 255 255
255 255 255
255 255 255
255 255 255
255 255 255
255 255 255
255 255 255
255 255 255
255 255 255
255 255 255
255 255 255
255 255 255
255 255 255
255 255 255
255 255 255
255 255 255
67 67 67
0 0 0
0 0 0
0 0 0
67 67 67
66 66 66
0 0 0
0 0 0
0 0 0
0 0 0
0 0 0
0 0 0
0 0 0
0 0 0
6 6 6
0 0 0
0 0 0
0 0 0
0 0 0
0 0 0
0 0 0
0 0 0
0 0 0
37 37 37
0 0 0
67 67 67
0 0 0
67 67 67
0 0 0
0 0 0
0 0 0
0 0 0
0 0 0
0 0 0
0 0 0
0 0 0
0 0 0
0 0 0
0 0 0
0 0 0
67 67 67
29 51 32
0 0 0
0 0 0
46 61 49
0 0 0
0 0 0
46 61 49
0 0 0
0 0 0
67 67 67
0 0 0
0 0 0
0 0 0
67 67 67
82 70 68
0 0 0
0 0 0
0 0 0
0 0 0
255 255 255
255 255 255
255 255 255
255 255 255
255 255 255
255 255 255
255 255 255
255 255 255
255 255 255
255 255 255
255 255 255
255 255 255
255 255 255
255 255 255
255 255 255
255 255 255
255 255 255
255 255 255
255 255 255
255 255 255
255 255 255
255 255 255
255 255 255
255 255 255
255 255 255
255 255 255
255 255 255
255 255 255
255 255 255
255 255 255
255 255 255
255 255 255
255 255 255
255 255 255
255 255 255
255 255 255
255 255 255
255 255 255
255 255 255
135 135 135
0 0 0
0 0 0
0 0 0
0 0 0
67 67 67
0 0 0
0 0 0
0 0 0
0 0 0
67 67 67
0 0 0
0 0 0
0 0 0
0 0 0
46 61 49
0 0 0
0 0 0
0 0 0
68 79 69
0 0 0
0 0 0
0 0 0
0 0 0
0 0 0
0 0 23
0 0 0
0 0 0
67 67 67
0 0 0
67 67 67
0 0 0
0 0 0
0 0 0
0 0 0
0 0 0
0 0 0
0 0 0
67 67 67
0 0 0
46 61 49
0 0 0
0 0 0
0 0 0
0 0 0
0 0 0
0 0 0
0 0 0
0 0 0
0 0 0
0 0 0
0 0 0
67 67 67
0 0 0
0 0 0
0 0 0
0 0 0
0 0 0
67 67 67
0 0 0
0 0 0
67 67 67
255 255 255
255 255 255
255 255 255
255 255 255
255 255 255
255 255 255
255 255 255
255 255 255
255 255 255
255 255 255
255 255 255
255 255 255
255 255 255
255 255 255
255 255 255
255 255 255
255 255 255
255 255 255
255 255 255
255 255 255
255 255 255
255 255 255
255 255 255
255 255 255
255 255 255
255 255 255
255 255 255
255 255 255
255 255 255
255 255 255
255 255 255
255 255 255
255 255 255
255 255 255
255 255 255
255 255 255
255 255 255
255 255 255
0 0 0
67 67 67
67 67 67
0 0 0
0 0 0
0 0 0
0 0 0
67 67 67
0 0 0
0 0 0
0 0 0
0 0 0
0 0 0
0 0 0
0 0 0
0 0 0
0 0 0
0 0 0
0 0 0
0 0 0
0 0 0
0 0 0
46 61 49
0 0 0
67 67 67
0 0 0
95 95 95
0 0 0
