0 0 0
0 0 0
0 0 0
0 0 0
0 0 0
0 0 0
0 0 0
0 0 0
0 0 0
0 0 0
67 69 67
0 0 0
0 0 0
0 0 0
0 0 0
67 67 67
0 0 0
0 0 0
0 0 0
0 0 0
0 0 0
0 0 0
67 67 67
95 95 95
46 61 49
0 0 0
0 0 0
0 0 0
0 0 0
0 0 0
0 0 0
0 0 0
0 0 0
46 61 49
0 0 0
0 0 0
20 20 20
46 61 49
67 67 67
0 0 0
39 33 15
46 61 49
46 61 49
0 0 0
0 0 0
0 0 0
67 67 67
32 56 35
0 0 0
67 67 67
112 112 112
0 0 0
67 67 67
0 0 0
94 94 94
255 255 255
255 255 255
213 213 213
73 73 73
181 181 181
255 255 255
255 255 255
255 255 255
241 241 241
59 59 59
67 67 67
39 39 39
46 61 49
0 0 0
0 0 0
0 0 0
0 0 0
95 95 95
67 67 67
82 91 83
106 106 106
122 124 122
221 224 222
210 210 210
142 146 142
131 138 130
116 116 116
73 86 75
74 74 74
120 120 120
137 141 138
48 63 50
70 78 71
77 77 78
61 61 63
0 0 0
49 55 50
0 0 0
81 81 81
111 111 111
129 129 129
60 66 61
0 0 0
0 0 0
0 0 0
46 61 49
67 67 67
0 0 0
0 0 0
0 0 0
0 0 0
0 0 0
0 0 0
0 0 0
67 67 67
0 0 0
46 61 49
67 67 67
46 61 49
66 66 66
0 0 0
0 0 0
46 61 49
46 61 49
0 0 0
0 0 0
0 0 0
67 67 67
0 0 0
67 67 67
27 48 30
67 67 67
0 0 0
0 0 0
0 0 0
0 0 0
0 0 0
0 0 0
0 0 0
46 61 49
0 0 0
67 67 67
0 0 0
67 67 67
67 67 67
0 0 0
0 0 0
0 0 0
95 95 95
95 95 95
66 87 69
0 0 0
0 0 0
0 0 0
67 67 67
0 0 0
0 0 0
0 0 0
150 150 150
255 255 255
255 255 255
216 216 216
120 120 120
133 133 133
98 97 96
229 229 229
255 255 255
255 255 255
255 255 255
191 191 191
152 152 152
0 0 0
0 0 0
67 67 67
0 0 0
117 117 117
0 0 0
95 95 95
0 0 0
68 68 68
111 111 111
228 233 228
156 153 143
70 78 71
93 97 94
82 88 83
59 59 59
0 0 0
10 10 10
75 75 75
76 76 76
49 50 49
21 21 21
61 61 61
69 66 65
34 45 35
122 128 123
131 131 132
71 84 74
6 6 7
93 93 93
25 16 9
0 0 0
0 0 0
0 0 0
0 0 0
46 61 49
0 0 0
0 0 0
0 0 0
0 0 0
57 57 57
46 61 49
0 0 0
0 0 0
66 87 69
46 61 49
40 52 42
67 67 67
66 87 69
46 61 49
25 25 25
0 0 0
0 0 0
67 67 67
95 95 95
0 0 0
0 0 0
0 0 0
0 0 0
0 0 0
0 0 0
0 0 0
0 0 0
0 0 0
0 0 0
0 0 0
67 67 67
0 0 0
0 0 0
0 0 0
82 91 83
0 0 0
0 0 0
67 67 67
0 0 0
67 67 67
67 67 67
0 0 0
0 0 0
0 0 0
0 0 0
0 0 0
30 30 30
67 67 67
67 67 67
67 67 67
108 108 108
255 255 255
255 255 255
229 230 229
169 166 165
126 125 125
112 111 111
115 115 115
129 129 129
140 140 140
255 255 255
152 152 152
170 174 170
105 105 105
66 77 68
0 0 0
0 0 0
0 0 0
67 67 67
0 0 0
0 0 0
0 0 0
0 0 0
76 76 76
178 172 166
198 198 198
77 77 77
91 97 92
93 93 93
133 137 129
92 92 93
103 103 103
106 106 106
113 116 113
60 66 61
49 49 49
0 0 0
64 69 65
65 65 65
123 123 123
117 117 117
67 67 67
51 46 43
107 107 107
48 56 49
0 0 0
0 0 0
0 0 0
0 0 0
0 0 0
0 0 0
0 0 0
0 0 0
0 0 0
0 0 0
0 0 0
0 0 0
0 0 0
0 0 0
65 65 65
0 0 0
0 0 0
67 67 67
0 0 0
82 91 83
0 0 0
97 106 97
95 95 95
0 0 0
67 67 67
0 0 0
46 61 49
0 0 0
32 56 35
0 0 0
0 0 0
46 61 49
0 0 0
0 0 0
0 0 0
0 0 0
67 67 67
32 56 35
67 67 67
2 29 3
0 0 0
67 67 67
0 0 0
0 0 0
0 0 0
0 0 0
56 62 44
0 0 0
0 0 0
46 61 49
67 67 67
67 67 67
67 67 67
50 64 52
121 121 120
211 207 206
197 197 197
227 227 227
202 198 195
186 186 186
85 85 85
46 46 46
79 87 82
122 122 122
174 174 174
211 211 211
130 130 130
127 127 127
74 74 74
91 91 91
68 68 68
0 0 0
0 0 0
67 67 67
0 0 0
0 0 0
0 0 0
42 42 42
140 140 140
132 139 133
189 187 186
215 215 216
81 85 82
89 94 91
118 136 121
101 108 102
95 95 95
145 145 145
132 130 125
76 76 76
98 98 98
81 81 81
125 120 116
90 90 90
117 116 109
57 57 57
78 85 79
75 81 76
0 0 0
0 0 0
67 67 67
0 0 0
0 0 0
66 87 69
0 0 0
95 95 95
0 0 0
0 0 0
0 0 0
0 0 0
0 0 0
0 0 0
15 46 19
0 0 0
0 0 0
0 0 0
0 0 0
0 0 0
0 0 0
0 0 0
106 113 107
0 0 0
0 0 0
0 0 0
0 0 0
0 0 0
67 67 67
0 0 0
0 0 0
40 52 42
0 0 0
0 0 0
67 67 67
0 0 0
67 67 67
41 55 46
67 67 67
0 0 0
0 0 0
0 0 0
0 0 0
46 61 49
0 0 0
60 60 60
95 95 95
0 0 0
0 0 0
0 0 0
0 0 0
44 70 73
0 0 0
67 67 67
67 67 67
67 67 67
88 88 88
166 165 164
186 186 186
185 185 185
144 144 144
116 116 116
56 56 56
25 25 25
109 109 109
47 47 47
108 108 108
110 110 110
95 95 95
107 107 107
100 100 100
12 12 12
48 48 48
86 86 86
67 67 67
116 129 118
0 0 0
82 91 83
0 0 0
49 49 49
147 151 147
101 104 102
110 120 111
62 82 66
61 61 61
115 125 117
122 122 122
128 128 128
80 87 81
51 51 55
64 76 66
92 92 92
171 171 171
107 107 107
126 136 127
90 99 91
0 0 0
97 102 99
95 95 95
0 0 0
57 57 57
0 0 0
0 0 0
0 0 0
0 0 0
0 0 0
32 56 35
0 0 0
0 0 0
0 0 0
0 0 0
0 0 0
0 0 0
67 67 67
0 0 0
0 0 0
0 0 0
0 0 0
46 61 49
0 0 0
0 0 0
0 0 0
0 0 0
0 0 0
57 57 57
0 0 0
67 67 67
82 91 83
73 72 68
0 0 0
0 0 0
0 0 0
67 67 67
0 0 0
67 67 67
67 67 67
6 8 6
0 0 0
67 67 67
0 0 0
0 0 0
0 0 0
0 0 0
0 0 0
0 0 0
0 0 0
0 0 0
0 0 0
0 0 0
0 0 0
0 0 0
95 95 95
0 0 0
0 0 0
0 0 0
48 48 48
31 25 20
144 142 141
166 164 157
154 147 141
124 124 124
59 59 59
108 108 108
22 22 22
41 41 41
105 105 105
0 0 0
0 0 0
115 115 115
0 0 0
32 32 32
1 1 1
71 71 71
13 13 13
57 57 57
0 0 0
0 0 0
95 95 95
67 67 67
46 61 49
103 109 104
224 231 225
128 142 129
93 107 95
139 139 139
201 204 201
126 130 127
95 95 95
70 78 71
2 3 2
100 103 90
139 139 139
60 66 61
0 0 0
71 91 75
57 57 57
95 95 95
79 79 79
108 108 108
19 19 19
0 0 0
10 42 13
46 61 49
0 0 0
0 0 0
0 0 0
0 0 0
0 0 0
0 0 0
0 0 0
0 0 0
0 0 0
0 0 0
0 0 0
0 0 0
0 0 0
16 16 16
29 38 30
0 0 0
0 0 0
0 0 0
0 0 0
0 0 0
27 48 30
46 61 49
0 0 0
0 0 0
0 0 0
0 0 0
0 0 0
0 0 0
95 95 95
95 95 95
46 61 49
0 0 0
0 0 0
0 0 0
0 0 0
67 67 67
67 67 67
67 67 67
0 0 0
0 0 0
47 72 50
67 67 67
67 67 67
82 91 83
0 0 0
0 0 0
0 0 0
0 0 0
0 0 0
0 0 0
67 67 67
0 0 0
43 43 43
59 52 49
133 141 134
0 0 0
124 124 125
138 142 139
0 0 0
98 98 98
23 23 23
20 21 20
37 37 37
53 53 53
101 111 102
55 55 55
0 0 0
0 0 0
0 0 0
0 0 0
42 42 42
88 88 88
0 0 0
0 0 0
0 0 0
0 0 0
132 140 133
179 191 181
141 145 142
168 175 169
134 138 134
198 198 198
114 117 114
89 89 89
160 165 160
65 65 65
92 92 92
131 131 131
44 44 46
0 0 0
37 47 39
89 97 95
70 78 71
95 95 95
122 122 122
67 67 67
75 81 76
0 0 3
82 82 82
46 61 49
46 61 49
0 0 0
0 0 0
67 67 67
0 0 0
0 0 0
0 0 0
0 0 0
32 56 35
0 0 0
0 0 0
67 67 67
67 67 67
60 60 64
82 91 83
0 0 0
0 0 0
0 0 0
0 0 0
0 0 0
0 0 0
67 67 67
0 0 0
0 0 0
0 0 0
0 0 0
0 0 0
67 67 67
0 0 0
0 0 0
0 0 0
67 67 67
0 0 0
0 0 0
0 0 0
67 67 67
0 0 0
67 67 82
95 95 95
0 0 0
0 0 0
39 33 15
70 68 68
0 0 0
0 0 0
0 0 0
0 0 0
0 0 0
46 61 49
0 0 0
0 0 0
4 5 4
39 38 37
76 76 72
64 54 48
22 50 25
94 94 94
66 69 85
21 28 23
82 82 82
0 0 0
0 0 0
0 0 0
0 0 0
61 61 61
78 78 78
63 63 63
76 76 77
95 95 95
0 0 0
0 0 0
4 4 4
0 0 0
0 0 0
0 0 0
0 0 0
108 123 110
163 164 163
140 148 141
103 108 99
177 173 171
93 104 94
73 80 74
26 26 26
107 118 109
0 0 0
119 126 120
76 79 76
0 0 0
45 54 47
105 110 105
118 112 109
0 0 0
115 115 115
49 49 49
55 59 55
90 108 93
76 76 76
40 52 42
0 0 0
0 0 0
0 0 0
0 0 0
0 0 0
0 0 0
0 0 0
0 0 0
0 0 0
0 0 0
0 0 0
0 0 0
67 67 67
0 0 0
0 0 0
0 0 0
0 0 0
32 56 35
67 67 67
67 67 67
67 67 67
67 67 67
0 0 0
0 0 0
67 67 67
0 0 0
0 0 0
0 0 0
0 0 0
0 0 0
0 0 0
82 91 83
0 0 0
67 67 67
46 61 49
0 0 0
46 61 49
95 95 95
0 0 0
95 95 95
67 67 67
67 67 67
0 0 0
0 0 0
67 67 67
0 0 0
82 91 83
67 67 67
0 0 0
22 51 26
46 61 49
46 61 49
82 91 83
76 88 76
46 42 40
0 0 0
91 91 91
43 57 56
56 56 56
52 52 52
0 0 0
3 7 16
28 36 29
0 0 0
0 0 0
0 0 0
79 87 80
97 104 98
0 0 0
0 0 0
0 0 0
35 47 37
0 0 0
13 27 60
0 0 0
67 67 67
0 0 0
23 23 23
138 149 139
140 145 141
200 203 201
114 121 115
164 166 165
131 131 131
71 71 71
48 59 50
37 37 37
46 46 46
19 22 19
40 52 42
0 0 0
0 0 0
57 57 57
71 71 73
0 0 0
57 57 57
0 0 0
70 78 71
71 71 71
0 0 0
0 0 0
67 67 67
0 0 0
0 0 0
0 0 0
0 0 0
0 0 0
0 0 0
0 0 0
78 85 79
67 67 67
0 0 0
46 61 49
0 0 0
67 67 67
0 0 0
0 0 0
0 0 0
0 0 0
0 0 0
0 0 0
67 67 67
0 0 0
0 0 0
0 0 0
0 0 0
0 0 0
0 0 0
67 67 67
46 61 49
46 61 49
46 61 49
95 95 95
0 0 0
0 0 0
0 0 0
95 95 95
0 0 0
0 0 0
67 67 67
22 51 26
67 67 67
0 0 0
0 0 0
0 0 0
67 67 67
0 0 0
95 95 95
46 61 49
67 67 67
0 0 0
0 0 0
0 0 0
4 18 5
71 70 69
31 43 62
0 0 0
2 11 67
0 1 41
40 40 40
54 54 54
67 67 67
0 0 0
39 58 42
0 0 0
0 0 0
0 0 0
49 59 50
19 19 21
0 0 0
4 4 4
0 0 0
0 0 0
0 0 0
0 0 0
46 61 49
82 91 83
0 22 1
167 171 168
196 200 196
97 98 97
57 57 57
92 92 92
56 74 59
106 106 106
168 168 168
152 152 152
140 142 140
29 36 30
111 114 111
49 49 49
0 0 0
63 87 66
89 89 89
77 77 79
40 52 42
0 0 0
110 121 118
69 69 69
0 0 0
0 0 0
0 0 0
67 67 67
0 0 0
0 0 0
0 0 0
0 0 0
0 0 0
67 67 67
0 0 0
67 67 67
0 0 0
0 0 0
0 0 0
0 0 0
0 0 0
0 0 0
82 91 83
82 91 83
0 0 0
67 67 67
0 0 0
0 0 0
0 0 0
0 0 0
0 0 0
66 87 69
0 0 0
67 67 67
0 0 0
0 0 0
46 61 49
0 0 0
0 0 0
0 0 0
0 0 0
0 0 0
122 128 123
0 0 0
0 0 0
0 0 0
0 0 0
0 0 0
82 91 83
73 71 53
0 0 0
67 67 67
97 103 97
0 0 0
0 0 0
67 67 67
0 0 0
0 0 0
20 27 24
11 11 16
0 0 0
0 0 0
90 90 90
55 63 79
49 55 50
27 27 27
67 67 67
75 80 76
0 0 0
0 0 0
0 0 0
0 0 0
65 77 67
0 0 0
0 0 0
82 82 82
0 0 0
0 0 0
0 0 0
0 0 0
0 0 0
46 61 49
107 107 107
124 146 127
103 133 108
67 86 68
52 69 55
13 34 15
62 85 66
113 127 115
73 86 78
67 81 69
60 66 61
67 67 67
141 153 142
49 49 49
99 105 100
78 91 80
68 74 69
0 0 0
36 50 38
41 54 43
76 104 80
0 0 0
0 0 0
0 0 0
67 67 67
0 0 0
0 0 0
0 0 0
0 0 0
67 67 67
0 0 0
0 0 0
0 0 0
0 0 0
0 0 0
67 67 67
0 0 0
0 0 0
0 0 0
0 0 0
0 0 0
0 0 0
77 77 82
67 67 67
46 61 49
46 61 49
46 61 49
22 51 26
0 0 0
0 0 0
0 0 0
0 0 0
67 67 67
0 0 0
0 0 0
46 61 49
0 0 0
0 0 0
0 0 0
0 0 0
0 0 0
95 95 97
0 0 0
0 0 0
67 67 67
0 0 0
67 67 67
0 0 0
0 0 0
67 67 67
67 67 67
0 0 0
67 67 67
46 61 49
67 67 67
0 0 0
0 1 0
47 62 55
46 61 49
13 28 78
44 58 46
45 60 47
0 0 8
16 22 17
74 78 74
0 0 0
5 16 50
67 67 70
46 61 49
89 96 84
58 58 62
35 47 37
0 0 0
30 30 30
96 100 96
0 0 0
0 0 0
95 95 95
0 0 0
0 0 0
52 80 55
98 112 100
12 27 13
57 80 61
66 87 69
85 100 87
103 123 106
40 52 42
40 52 42
6 33 8
67 67 67
40 52 42
46 71 50
0 0 0
0 0 0
0 0 0
93 107 95
0 0 0
34 45 35
34 45 35
40 52 42
49 49 49
0 0 0
0 0 0
67 67 67
0 0 0
