32 56 35
32 56 35
45 79 50
22 51 26
0 0 0
0 0 0
32 56 35
70 101 74
0 0 0
104 146 110
93 123 98
82 116 87
81 118 87
133 173 138
93 123 98
88 129 94
111 161 118
114 159 121
90 131 97
75 113 80
87 120 92
89 149 97
22 51 26
81 143 89
96 158 107
68 123 71
76 121 81
73 121 79
89 137 96
80 138 88
38 116 46
66 121 74
32 56 35
87 120 93
0 0 0
0 0 0
0 0 0
0 0 23
0 3 35
0 0 0
4 16 67
0 6 38
0 3 36
0 3 39
0 0 7
93 133 99
89 149 97
86 140 94
68 73 69
99 137 104
14 19 20
75 101 80
118 147 123
68 73 68
82 91 83
82 91 83
10 42 40
82 91 83
84 105 101
57 83 60
68 100 68
82 109 86
98 134 104
185 241 192
181 238 190
142 189 150
162 213 170
162 213 170
148 195 155
163 215 171
175 230 184
152 193 158
155 204 163
132 174 139
180 237 190
144 193 152
180 237 190
89 134 94
73 84 75
39 76 44
32 56 35
0 0 0
46 88 51
40 70 46
22 51 26
22 51 26
13 41 17
34 68 41
43 75 49
20 45 24
29 50 34
41 55 46
59 78 66
26 44 32
0 0 0
0 0 0
0 0 0
0 0 0
0 0 0
0 0 0
32 56 35
24 66 29
22 51 26
15 46 19
0 0 0
0 0 0
66 87 69
114 151 120
124 163 130
93 123 98
81 106 85
163 206 169
132 174 139
66 87 69
102 134 107
105 126 108
66 87 69
140 185 147
81 106 85
158 212 167
75 112 80
49 83 51
107 143 113
164 212 171
145 199 153
124 163 130
66 87 73
87 137 94
92 142 100
83 144 91
119 165 126
128 172 137
74 112 79
133 178 139
121 172 141
81 109 91
0 0 0
0 0 0
0 0 0
2 12 35
23 47 73
1 12 43
46 63 51
9 24 44
119 159 133
132 219 144
116 167 124
133 195 142
87 130 93
46 61 49
89 106 92
54 71 58
106 142 119
131 179 148
94 110 97
61 70 51
82 91 83
2 26 31
132 178 139
114 151 120
104 148 114
106 147 112
128 172 135
144 193 152
114 151 120
150 198 159
182 232 190
148 195 155
175 230 184
184 245 194
142 188 150
167 220 177
144 190 152
174 229 183
162 213 170
140 185 147
131 172 138
128 172 135
47 73 51
68 85 69
96 143 102
47 79 53
36 73 40
42 62 46
44 102 51
0 0 0
51 76 55
0 0 0
24 63 29
39 76 44
32 56 35
0 0 0
0 0 0
0 0 0
0 0 0
67 67 67
0 0 0
0 0 0
67 67 67
0 0 0
92 142 100
0 0 0
32 56 35
46 61 49
66 87 69
124 163 130
114 151 120
114 151 120
93 123 98
66 87 69
93 123 98
104 137 110
104 137 110
93 123 98
0 0 0
132 174 139
93 123 98
81 106 85
100 143 106
71 126 81
58 94 62
66 87 70
162 213 170
104 137 110
144 194 152
141 176 146
98 144 105
139 182 145
124 163 130
140 185 147
124 163 130
163 206 169
87 121 93
148 195 155
167 224 177
97 130 102
134 181 141
104 137 110
93 123 98
83 113 97
104 137 113
73 103 78
163 216 172
114 151 124
173 234 182
155 204 163
181 227 188
144 203 153
152 207 161
59 96 67
132 138 133
255 255 255
255 255 255
255 255 255
255 255 255
247 255 248
65 100 70
65 100 66
52 96 53
69 131 77
79 136 90
70 139 79
69 138 78
65 112 71
18 63 23
45 79 50
100 123 103
1 26 2
48 74 51
46 61 49
70 116 72
66 87 69
93 133 99
67 97 71
104 146 110
81 106 85
0 0 0
73 103 78
106 141 111
29 50 34
49 91 55
54 102 61
57 90 61
32 56 35
32 56 35
0 0 0
77 108 80
0 0 0
48 88 55
57 83 60
0 0 0
0 0 0
0 0 0
67 67 67
0 0 0
0 0 0
0 0 0
67 67 67
0 0 0
0 0 0
22 51 26
32 63 36
0 0 0
67 110 73
0 0 0
0 0 0
0 0 0
32 56 35
73 103 78
0 0 0
46 61 49
66 87 69
81 106 85
66 87 69
0 0 0
93 123 98
0 0 0
50 75 53
0 0 0
61 98 66
75 114 81
0 0 0
94 121 97
65 100 70
126 162 132
87 154 96
136 195 144
108 141 110
145 185 151
162 213 170
140 185 147
128 173 141
155 204 163
162 213 170
158 212 167
132 174 139
114 151 120
124 163 130
141 188 148
133 175 141
134 182 143
140 185 147
187 246 197
140 191 148
170 218 177
143 190 150
144 199 158
170 228 179
139 199 147
65 112 72
57 83 60
99 159 108
64 121 72
133 205 143
77 141 86
82 157 92
68 127 76
76 135 84
92 157 102
72 125 80
96 140 102
73 147 83
80 154 93
32 56 35
22 51 26
32 56 35
57 114 65
79 137 87
32 56 35
32 56 35
56 97 62
32 56 35
88 118 91
45 79 50
45 79 50
56 97 62
51 94 57
66 121 74
39 76 44
55 107 62
33 74 38
56 104 62
61 116 69
88 125 92
27 77 34
70 111 77
51 94 57
54 94 61
47 75 53
39 84 45
0 0 0
0 0 0
0 0 0
0 0 0
0 0 0
0 0 0
67 67 67
0 0 0
0 0 0
67 67 67
60 110 67
22 51 26
0 0 0
65 100 70
32 56 35
0 0 0
56 97 62
32 56 35
39 76 44
46 61 49
39 76 44
32 56 35
39 76 44
0 0 0
0 0 0
0 0 0
0 0 0
0 0 0
32 56 37
69 118 76
78 123 87
82 116 89
143 194 148
71 92 70
114 159 121
99 135 104
79 131 85
104 137 110
119 179 129
141 200 150
93 123 98
132 174 139
87 130 93
162 213 170
169 232 179
109 148 115
164 219 173
104 137 110
148 195 155
184 234 190
132 174 140
132 174 139
193 254 203
149 197 157
188 249 198
104 137 110
114 163 124
114 151 120
105 140 118
156 197 162
114 151 124
124 163 132
148 195 155
148 195 155
176 227 186
125 169 132
132 174 139
149 187 155
163 211 171
178 237 187
151 203 160
161 223 171
144 193 153
0 0 0
32 56 35
78 101 80
50 108 56
57 83 60
32 74 44
58 107 65
83 114 86
56 97 62
88 107 91
75 88 76
24 60 36
96 140 102
0 0 0
56 97 62
51 102 59
41 91 47
57 83 60
26 79 32
60 110 67
44 97 50
32 56 35
39 77 44
61 104 67
55 105 62
0 0 0
37 71 42
22 51 26
0 0 0
0 0 0
0 0 0
0 0 0
0 0 0
0 0 0
0 0 0
67 67 67
0 0 0
82 91 83
46 61 49
33 68 37
15 46 19
0 0 0
0 0 0
0 0 0
88 107 91
18 28 8
32 56 35
46 61 49
0 0 0
45 79 50
0 0 7
32 56 36
0 0 0
32 56 35
32 66 36
27 69 32
68 91 70
62 102 63
128 171 134
171 224 178
109 157 116
65 110 71
72 125 80
70 137 81
69 130 77
79 145 88
80 152 90
84 116 88
45 79 50
86 140 94
76 142 85
80 151 89
58 93 62
100 131 104
84 118 89
124 156 130
15 46 19
93 123 98
81 106 85
46 61 55
124 163 131
110 152 117
134 183 141
123 176 131
93 123 99
90 119 95
81 106 85
58 90 70
94 110 97
93 123 98
82 91 83
120 141 123
0 0 0
0 0 0
66 87 69
104 137 110
104 137 110
102 134 107
81 106 85
114 151 120
66 87 69
3 32 5
0 0 0
36 73 40
32 56 35
67 120 75
0 0 0
32 56 35
74 122 80
15 46 19
0 0 0
39 76 44
0 0 0
71 122 77
17 60 21
60 110 67
105 143 110
121 169 130
152 200 160
93 123 98
117 158 125
99 141 105
124 163 130
48 73 51
91 128 98
46 61 49
71 107 78
89 144 98
81 106 85
91 128 98
46 61 49
46 61 49
0 0 0
0 0 0
0 0 0
0 0 0
0 0 0
66 87 69
46 61 49
85 104 87
42 89 48
50 105 57
32 56 39
0 0 0
56 97 62
0 0 0
73 115 79
46 61 49
32 56 35
32 56 35
0 0 0
32 56 35
0 0 0
56 97 62
45 79 50
0 0 4
46 61 49
54 105 63
101 159 110
115 158 122
84 118 89
111 160 117
115 152 120
145 191 152
129 178 136
63 88 62
81 106 85
112 157 120
93 133 99
42 74 49
115 157 121
76 108 84
1 17 17
2 12 1
27 69 32
10 42 16
5 35 7
6 21 24
0 0 0
22 51 26
34 78 44
50 92 56
26 74 38
32 56 45
46 61 49
0 0 0
168 222 177
196 255 206
190 253 200
238 255 251
226 255 237
181 238 190
225 255 235
175 230 184
140 185 147
51 77 55
0 0 0
46 61 49
93 123 98
124 163 130
59 95 63
16 58 20
51 94 57
32 56 35
58 107 65
65 112 71
39 76 44
39 76 44
36 73 40
66 111 75
61 97 66
47 90 52
76 99 78
32 56 35
52 103 58
46 61 49
93 123 98
128 172 135
132 174 139
119 161 125
104 137 110
157 208 165
125 169 132
132 174 139
148 195 155
155 204 163
114 151 120
93 123 98
135 181 143
66 87 69
104 137 110
93 123 98
46 61 49
0 0 0
0 0 0
0 0 0
0 0 0
66 87 69
32 56 35
0 0 0
56 97 62
0 0 0
45 79 50
36 73 40
32 56 35
0 0 0
0 0 0
75 88 76
32 56 35
0 0 0
32 56 35
45 79 50
32 56 35
0 0 0
57 83 60
60 95 67
53 92 59
101 144 108
124 163 130
100 137 104
114 151 120
117 159 123
66 87 76
81 106 85
46 61 49
137 174 143
87 119 94
15 46 23
15 26 19
66 87 69
47 64 54
46 61 53
0 1 3
0 0 21
47 72 51
2 14 34
46 61 49
0 0 21
1 12 35
39 76 44
0 0 0
66 87 69
66 87 69
51 88 70
46 61 49
81 106 85
162 213 170
236 255 248
239 255 251
239 255 251
239 255 251
212 255 223
225 255 236
239 255 251
181 238 190
66 87 69
46 61 49
46 61 49
81 106 85
104 137 110
94 121 97
60 110 67
22 51 26
84 145 92
32 56 35
0 0 0
39 76 44
57 83 60
57 106 63
32 56 35
32 56 35
65 112 71
45 79 50
77 143 86
27 69 32
51 94 57
115 149 120
169 222 177
140 185 147
144 193 152
114 151 120
155 204 163
135 180 142
114 151 120
145 191 154
115 140 119
121 154 121
141 176 146
93 123 98
155 204 163
114 151 120
73 103 78
104 137 110
66 87 69
0 0 0
0 0 0
0 0 0
0 0 2
22 51 26
39 88 45
32 56 35
0 0 0
32 56 35
32 56 35
62 119 70
39 76 44
39 76 44
61 97 66
32 56 35
32 56 35
61 97 66
45 79 50
32 56 35
49 84 51
43 75 49
105 138 111
124 163 130
144 193 152
85 117 94
84 118 89
139 191 144
124 163 130
81 107 85
0 0 0
66 87 69
46 61 49
0 0 0
0 0 0
46 61 49
0 0 0
0 0 8
46 61 49
46 61 49
57 83 60
14 35 34
17 22 18
46 61 49
46 61 49
0 0 0
46 61 51
66 87 69
132 174 139
81 106 88
0 0 0
0 0 0
46 61 49
0 0 0
0 0 0
67 67 67
0 0 0
0 0 0
0 0 0
0 0 0
0 0 0
46 61 49
46 61 49
0 0 0
67 67 67
0 0 0
0 0 0
32 56 35
15 46 19
42 89 48
65 112 71
68 123 76
72 125 80
55 107 62
56 97 62
5 16 6
48 92 54
48 92 54
47 98 53
39 76 44
51 94 57
42 89 48
68 121 74
47 90 52
104 146 110
134 165 132
132 174 139
87 120 92
140 185 147
87 119 92
115 140 120
124 163 130
81 106 85
93 123 98
140 185 147
114 151 120
109 148 115
81 106 85
132 174 139
141 189 148
93 123 98
46 61 49
0 0 0
0 0 0
68 78 68
67 94 77
42 73 38
39 76 44
39 76 44
31 72 36
47 90 52
32 56 35
56 97 62
0 0 0
45 79 50
39 76 44
0 0 0
32 56 35
46 61 49
32 56 35
0 0 0
73 103 80
94 110 97
80 118 86
99 135 104
73 103 78
0 0 0
66 91 72
66 87 69
66 87 69
0 0 0
46 61 49
0 0 0
0 0 10
46 61 49
132 174 139
114 151 120
81 106 85
46 61 49
124 163 130
81 106 85
132 174 139
116 153 121
66 87 69
104 137 110
140 185 147
81 106 85
104 137 110
81 106 85
82 116 87
66 87 69
0 0 0
0 0 0
0 0 0
67 67 67
0 0 0
0 0 0
0 0 0
0 0 0
0 0 0
0 0 0
0 0 0
0 0 0
67 67 67
0 0 0
20 46 23
0 0 0
32 56 35
40 85 45
51 94 57
72 139 82
34 67 39
81 150 90
56 97 62
45 79 50
36 73 40
27 69 32
56 97 62
46 85 51
57 106 63
33 74 37
22 51 26
32 56 35
32 56 35
75 113 80
66 87 69
66 87 69
90 112 86
81 106 85
81 106 85
81 106 85
104 137 110
140 185 147
81 106 85
73 103 78
98 133 104
46 61 49
46 61 49
104 137 110
93 123 98
114 151 120
0 0 0
66 87 69
0 0 0
65 100 70
70 101 74
22 51 26
0 0 0
32 56 35
0 0 0
39 86 45
45 79 50
10 42 13
39 76 44
32 56 35
32 56 35
32 56 35
45 79 50
56 97 62
45 79 50
56 97 62
0 0 0
32 56 35
0 0 0
65 112 71
32 56 35
0 0 0
0 0 0
59 95 63
0 0 0
15 46 19
15 46 19
67 67 67
52 80 55
114 151 120
93 123 98
114 151 120
144 193 152
114 151 120
81 106 85
114 151 120
124 163 130
66 87 69
99 135 104
132 174 139
151 203 160
66 87 69
93 128 98
96 133 102
81 106 85
0 0 0
0 0 0
0 0 0
0 0 0
0 0 0
0 0 0
0 0 0
0 0 0
0 0 0
0 0 0
0 0 0
67 67 67
0 0 0
0 0 0
0 0 0
0 0 0
0 0 0
18 63 23
0 0 0
41 108 48
0 0 0
47 90 52
75 140 83
51 94 57
15 46 19
62 119 70
45 79 50
0 0 0
63 126 71
75 96 77
33 68 37
0 0 0
48 85 53
48 92 54
27 69 32
0 0 0
0 0 0
0 0 0
0 0 0
0 0 0
0 0 0
0 0 0
0 0 0
0 0 0
0 0 0
46 61 49
95 95 95
0 0 0
0 0 0
0 0 0
46 61 49
0 0 0
0 0 0
0 0 0
47 72 50
80 128 87
31 72 36
22 51 26
0 0 0
0 0 0
37 84 47
32 56 35
56 97 62
15 46 19
0 0 0
32 56 35
76 99 78
45 79 50
48 92 54
0 0 0
0 0 0
17 60 21
0 0 0
15 46 19
45 79 50
32 56 35
46 82 50
32 56 35
0 0 0
32 56 35
71 84 72
0 5 20
36 73 40
46 61 49
0 0 0
46 61 49
46 61 49
94 110 97
124 153 129
104 137 110
46 61 49
66 87 69
0 0 0
66 87 69
0 0 0
46 61 49
93 123 98
82 91 83
81 106 85
0 0 0
67 67 67
0 0 0
0 0 0
67 67 67
0 0 0
0 0 0
0 0 0
0 0 0
0 0 0
0 0 0
0 0 0
0 0 0
0 0 0
0 0 0
0 0 0
0 0 0
0 0 0
15 46 19
81 106 85
54 92 58
74 110 79
73 113 78
87 135 93
54 92 58
54 68 50
70 101 74
66 87 69
23 64 28
70 101 74
32 56 35
49 77 52
67 97 71
78 123 83
116 169 123
68 123 76
0 0 0
0 0 0
67 67 67
0 0 0
0 0 0
0 0 0
46 61 49
0 0 0
0 0 0
0 0 0
0 0 0
46 61 49
0 0 0
0 0 0
0 0 0
0 0 0
0 0 0
0 0 0
0 0 0
