39 76 44
71 122 77
32 56 35
0 0 5
67 67 67
46 61 49
46 61 49
52 80 55
15 46 19
0 0 0
73 103 78
0 0 0
0 0 0
0 0 0
52 80 55
0 0 0
52 80 55
0 0 0
57 83 60
67 67 67
36 73 40
0 0 0
22 51 26
75 88 76
45 79 50
32 56 35
0 0 0
0 0 0
7 38 10
32 56 35
0 0 0
0 0 0
67 67 67
46 61 49
0 0 0
0 0 0
0 0 0
0 0 0
0 0 0
0 0 0
0 6 37
0 0 0
0 0 0
0 0 0
0 0 0
0 0 0
0 0 0
0 0 0
0 0 0
0 0 0
0 0 0
0 0 0
0 0 0
0 0 0
0 0 0
0 0 0
46 61 49
0 0 0
0 0 0
0 0 0
0 0 0
0 0 0
0 0 0
73 120 79
115 158 122
107 147 113
127 173 134
141 176 146
119 172 126
140 185 147
170 223 175
112 142 111
150 201 158
82 116 87
142 192 150
104 137 110
141 176 146
112 169 119
117 159 123
51 94 57
72 125 80
0 0 0
0 0 0
46 61 49
0 0 0
0 0 0
0 0 0
0 0 0
0 0 0
0 0 0
0 0 0
0 0 0
0 0 0
0 0 0
46 61 49
0 0 0
0 0 0
0 0 0
0 0 0
0 0 0
73 103 78
82 120 89
93 123 99
70 101 74
66 87 69
0 0 0
99 135 104
66 87 69
46 61 49
46 61 49
0 0 0
0 0 0
15 46 19
104 137 110
66 87 69
117 159 123
83 132 90
87 120 92
52 80 55
0 0 0
0 0 0
22 51 26
0 0 0
0 0 0
0 0 0
9 23 4
0 0 0
0 0 0
0 0 0
0 0 0
0 0 0
0 0 0
0 0 0
0 0 0
0 0 0
0 0 0
67 67 67
0 0 0
0 0 0
0 0 0
0 0 0
0 0 0
0 0 0
0 0 0
0 0 0
0 0 0
0 0 0
0 0 0
0 0 0
0 0 0
0 0 0
0 0 0
0 0 0
0 0 0
0 0 0
0 0 0
0 0 0
0 0 0
0 0 0
0 0 0
0 0 0
67 67 67
0 0 0
22 51 26
107 147 113
134 181 141
144 193 151
146 193 155
126 171 133
148 195 155
149 187 155
122 160 129
146 200 154
159 217 168
140 185 147
129 163 134
117 153 121
175 230 184
163 215 171
135 206 146
56 97 62
0 0 0
0 0 0
0 0 0
0 0 0
0 0 0
0 0 0
0 0 0
67 67 67
0 0 0
32 56 35
0 0 0
0 0 0
0 0 0
0 0 0
0 0 0
0 0 0
0 0 0
67 67 67
67 67 67
66 87 69
70 108 75
66 87 69
46 61 49
87 120 92
66 87 69
84 118 89
93 123 98
66 88 71
140 185 147
57 83 60
66 87 69
96 133 102
124 163 130
66 87 69
81 106 85
87 120 92
99 135 104
126 162 132
81 106 85
66 87 69
81 106 85
82 116 87
66 87 75
52 80 55
0 0 0
46 61 49
66 87 69
0 0 0
0 0 0
0 0 0
0 0 0
0 0 0
0 0 0
0 0 0
67 67 67
67 67 67
0 0 0
0 0 0
0 0 0
0 0 0
0 0 0
0 0 0
46 61 49
0 0 0
0 0 0
0 0 0
0 0 0
0 0 0
0 0 0
67 67 67
0 0 0
0 0 0
0 0 0
67 67 67
0 0 0
0 0 0
0 0 0
0 0 0
0 0 0
0 0 0
67 67 67
67 67 67
22 51 26
107 152 113
66 87 69
112 147 118
105 141 111
109 148 115
162 213 170
121 164 128
148 195 155
114 151 120
93 123 98
163 206 169
104 137 110
125 169 131
126 171 133
143 184 149
121 175 128
80 118 86
0 0 0
67 67 67
0 0 0
0 0 0
0 0 0
0 0 0
0 0 0
46 61 49
0 0 0
0 0 0
0 0 0
0 0 0
0 0 0
0 0 0
0 0 0
0 0 0
0 0 0
0 0 0
0 0 0
81 106 85
46 61 49
104 137 110
109 148 115
93 123 98
114 151 120
93 123 98
114 151 120
46 61 49
93 123 98
82 91 83
132 174 139
104 137 110
66 87 69
46 61 49
87 120 92
93 123 98
46 61 49
85 111 86
81 106 85
46 61 49
112 142 111
66 87 69
82 109 85
46 61 49
67 67 68
0 0 0
74 108 82
0 0 0
15 46 19
0 0 0
0 0 0
0 0 0
0 0 0
0 0 0
0 0 0
0 0 0
0 0 0
0 0 0
0 0 0
0 0 0
0 0 0
32 56 35
0 0 0
46 61 49
66 87 69
0 0 0
67 67 67
46 61 49
0 0 0
0 0 0
0 0 0
0 0 0
0 0 0
0 0 0
0 0 0
0 0 0
0 0 0
0 0 0
67 67 67
0 0 0
0 0 0
0 0 0
52 80 55
81 106 85
46 61 49
93 123 98
93 123 98
140 185 147
107 147 113
104 137 110
66 87 69
104 137 110
66 87 69
93 123 98
124 163 130
141 176 146
134 181 141
144 190 152
73 113 78
81 106 85
0 0 0
0 0 0
0 0 0
0 0 0
0 0 0
0 0 0
0 0 0
0 0 0
0 0 0
0 0 0
0 0 0
0 0 0
46 61 49
0 0 0
46 61 49
0 0 0
0 0 0
0 0 0
71 84 72
81 106 85
87 120 92
66 87 69
93 123 98
66 87 69
66 87 69
93 123 98
114 151 120
81 106 85
46 61 49
93 123 98
140 185 147
124 163 130
57 83 60
93 133 99
81 106 85
52 80 55
81 106 85
133 165 138
81 106 85
46 61 49
82 91 83
66 87 69
66 92 72
49 77 54
70 101 74
93 123 98
66 87 69
31 72 36
0 0 0
0 0 0
0 0 0
0 0 0
0 0 0
0 0 0
0 0 0
0 0 0
0 0 0
0 0 0
0 0 0
0 0 0
0 0 0
0 0 0
0 0 0
0 0 0
0 0 0
0 0 0
0 0 0
0 0 0
0 0 0
0 0 0
0 0 0
46 61 49
0 0 0
0 0 0
0 0 0
0 0 0
0 0 0
0 0 0
32 56 35
0 0 0
0 0 0
0 0 0
67 67 67
46 61 49
0 0 0
0 0 0
7 13 14
0 0 0
0 0 0
0 0 0
0 0 0
0 0 0
0 0 0
0 0 0
0 0 0
0 0 0
0 0 0
0 0 0
0 0 0
0 0 0
0 0 0
46 61 49
0 0 0
0 0 0
0 0 0
0 0 0
0 0 0
0 0 0
0 0 0
0 0 0
0 0 0
0 0 0
0 0 0
0 0 0
0 0 0
0 0 0
0 0 0
0 0 0
0 0 0
0 0 0
0 0 0
0 0 0
0 0 0
0 0 0
0 0 0
0 0 0
46 61 49
0 0 0
46 61 49
0 0 0
66 87 69
70 101 74
74 112 79
81 106 85
114 151 120
0 0 0
114 151 120
66 87 69
104 137 110
93 123 98
114 151 120
104 137 110
66 87 69
66 87 69
93 123 98
0 0 0
46 61 49
46 61 49
0 0 0
0 0 0
0 0 0
0 0 0
0 0 0
0 0 0
0 0 0
0 0 0
0 0 0
0 0 0
0 0 0
0 0 0
0 0 0
0 0 0
46 61 49
0 0 0
0 0 0
0 0 0
0 0 0
0 0 0
0 0 0
0 0 0
0 0 0
0 0 0
0 0 0
0 0 0
0 0 0
0 0 0
32 56 35
0 0 0
67 67 67
0 0 0
32 56 35
0 0 0
0 0 0
0 0 0
0 0 0
0 0 0
0 0 0
0 0 0
15 46 19
0 0 0
0 0 0
67 67 67
0 0 0
0 0 0
0 0 0
0 0 0
0 0 0
0 0 0
0 0 0
46 61 49
46 61 49
0 0 0
0 0 0
0 0 0
95 95 95
0 0 0
0 0 0
0 0 0
46 61 49
0 0 0
0 0 0
0 0 0
82 91 83
0 0 0
29 50 34
0 0 0
46 61 49
0 0 0
0 0 0
0 0 0
0 0 0
0 0 0
0 0 0
0 0 0
0 0 0
0 0 0
0 0 0
0 0 0
0 0 0
0 0 0
46 61 49
46 61 49
0 0 0
0 0 0
46 61 49
46 61 49
46 61 49
46 61 49
0 0 0
0 0 0
0 0 0
93 123 98
46 61 49
0 0 0
0 0 0
46 61 49
46 61 49
0 0 0
0 0 0
0 0 0
0 0 0
0 0 0
0 0 0
0 0 0
0 0 0
32 56 35
0 0 0
0 0 0
0 0 0
0 0 0
46 61 49
0 0 0
0 0 0
0 0 0
0 0 0
0 0 0
0 0 0
0 0 0
0 0 0
0 0 0
0 0 0
0 0 0
0 0 0
67 67 67
0 0 0
0 0 0
0 0 0
0 0 0
0 0 0
0 0 0
0 0 0
46 61 49
0 0 0
0 0 0
0 0 0
0 0 0
0 0 0
0 0 0
0 0 0
0 0 0
0 0 0
0 0 0
0 0 0
0 0 0
0 0 0
0 0 0
0 0 0
0 0 0
0 0 0
0 0 0
0 0 0
0 0 0
0 0 0
0 0 0
0 0 0
0 0 0
0 0 0
46 61 49
0 0 0
0 0 0
0 0 0
0 0 0
0 0 0
0 0 0
67 67 67
20 45 24
0 0 0
0 0 0
0 0 0
0 0 0
0 0 0
0 0 0
46 61 49
0 0 0
0 0 0
0 0 0
0 0 0
0 0 0
0 0 0
46 61 49
0 0 0
0 0 0
0 0 0
0 0 0
0 0 0
0 0 0
0 0 0
0 0 0
0 0 0
0 0 0
0 0 0
67 67 67
0 0 0
0 0 0
0 0 0
0 0 0
41 55 46
0 0 0
0 0 0
0 0 0
0 0 0
0 0 0
0 0 0
0 0 0
0 0 0
0 0 0
0 0 0
0 0 0
0 0 0
0 0 0
0 0 0
0 0 0
0 0 0
46 61 49
0 0 0
0 0 0
0 0 0
0 0 0
0 0 0
67 67 67
0 0 0
0 0 0
30 40 32
0 0 0
0 0 0
0 0 0
0 0 0
0 0 0
0 0 0
0 0 0
0 0 0
0 0 0
0 0 0
0 0 0
0 0 0
0 0 0
0 0 0
0 0 0
0 0 0
46 61 49
0 0 0
0 0 0
0 0 0
0 0 0
0 0 0
0 0 0
0 0 0
0 0 0
0 0 0
0 0 0
0 0 0
0 0 0
67 67 67
0 0 0
0 0 0
0 0 0
0 0 0
0 0 0
0 0 0
0 0 0
0 0 0
0 0 0
0 0 0
0 0 0
67 67 67
46 61 49
0 0 0
0 0 0
0 0 0
0 0 0
0 0 0
0 0 0
0 0 0
0 0 0
0 0 0
0 0 0
0 0 0
0 0 0
0 0 0
0 0 0
0 0 0
0 0 0
0 0 0
46 61 49
0 0 0
0 0 0
0 0 0
0 0 0
0 0 0
0 0 0
0 0 0
0 0 0
0 0 0
0 0 0
0 0 0
0 0 0
0 0 0
0 0 0
0 0 0
46 61 49
46 61 49
0 0 0
0 0 0
67 67 67
0 0 0
67 67 67
0 0 0
0 0 0
0 0 0
0 0 0
0 0 0
0 0 0
46 61 49
0 0 0
0 0 0
0 0 0
0 0 0
0 0 0
0 0 0
0 0 0
0 0 0
0 0 0
0 0 0
0 0 0
0 0 0
0 0 0
0 0 0
0 0 0
0 0 0
0 0 0
0 0 0
0 0 0
0 0 0
0 0 0
50 75 54
67 67 67
0 0 0
0 0 0
0 0 0
0 0 0
0 0 0
0 0 0
0 0 0
0 0 0
46 61 49
0 0 0
0 0 0
0 0 0
0 0 0
0 0 0
0 0 0
46 61 49
0 0 0
0 0 0
0 0 0
0 0 0
0 0 0
0 0 0
0 0 0
0 0 0
0 0 0
0 0 0
0 0 0
0 0 0
0 0 0
0 0 0
0 0 0
0 0 0
67 67 67
0 0 0
0 0 0
0 0 0
0 0 0
0 0 0
0 0 0
0 0 0
0 0 0
0 0 0
67 67 67
0 0 0
0 0 0
0 0 0
67 67 67
0 0 0
0 0 0
0 0 0
0 0 0
0 0 0
0 0 0
0 0 0
0 0 0
0 0 0
0 0 0
0 0 0
0 0 0
0 0 0
0 0 0
0 0 0
0 0 0
0 0 0
0 0 0
0 0 0
0 0 0
0 0 0
0 0 0
0 0 0
46 61 49
0 0 0
0 0 0
46 61 49
0 0 0
0 0 0
0 0 0
0 0 0
0 0 0
0 0 0
0 0 0
0 0 0
0 0 0
0 0 0
0 0 0
0 0 0
0 0 0
0 0 16
0 0 0
0 0 0
0 0 0
67 67 67
0 0 0
0 0 0
0 0 0
0 0 0
0 0 0
0 0 0
0 0 0
0 0 0
0 0 0
0 0 0
46 61 49
0 0 0
0 0 0
0 0 0
46 61 49
0 0 0
0 0 0
67 67 67
0 0 0
46 61 49
0 0 0
67 67 67
27 48 30
0 0 0
0 0 0
0 0 0
0 0 0
0 0 0
0 0 0
0 0 0
0 0 0
0 0 0
0 0 0
0 0 0
0 0 0
0 0 0
67 67 67
0 0 0
0 0 0
0 0 0
0 0 0
0 0 0
0 0 0
0 0 0
0 0 0
0 0 0
0 0 0
0 0 0
0 0 0
0 0 0
0 0 0
0 0 0
0 0 0
0 0 0
0 0 0
0 0 0
0 0 0
0 0 0
0 0 0
0 0 0
0 0 0
0 0 0
0 0 0
0 0 0
0 0 0
0 0 0
0 0 0
0 0 0
0 0 0
0 0 0
0 0 0
67 67 67
0 0 0
0 0 0
0 0 0
0 0 0
0 0 0
0 0 0
0 0 0
0 0 0
0 0 0
0 0 0
0 0 0
0 0 0
0 0 0
0 0 0
0 0 0
0 0 0
0 0 0
0 0 0
0 0 0
0 0 0
0 0 0
0 0 0
0 0 0
0 0 0
0 0 0
0 0 0
0 0 0
46 61 49
67 67 67
0 0 0
0 0 0
0 0 0
0 0 0
0 0 0
0 0 0
0 0 0
0 0 0
0 0 0
0 0 0
0 0 0
0 0 0
0 0 0
0 0 0
0 0 0
0 0 0
0 0 0
0 0 0
0 0 0
0 0 0
0 0 0
0 0 0
0 0 0
0 0 0
0 0 0
0 0 0
0 0 0
0 0 0
0 0 0
0 0 0
0 0 0
0 0 0
0 0 0
0 0 0
0 0 0
0 0 0
0 0 0
0 0 0
67 67 67
0 0 0
0 0 0
0 0 0
0 0 0
0 0 0
0 0 0
67 67 67
0 0 0
0 0 0
0 0 0
0 0 0
0 0 0
0 0 0
0 0 0
0 0 0
0 0 0
0 0 0
0 0 0
0 0 0
0 0 0
0 0 0
0 0 0
0 0 0
0 0 0
0 0 0
0 0 0
0 0 0
0 0 0
0 0 0
0 0 0
0 0 0
0 0 0
0 0 0
0 0 0
0 0 0
0 0 0
0 0 0
0 0 0
0 0 0
0 0 0
0 0 0
0 0 0
0 0 0
0 0 0
0 0 0
0 0 0
0 0 0
0 0 0
0 0 0
0 0 0
0 0 0
0 0 0
0 0 0
0 0 0
0 0 0
0 0 0
0 0 0
0 0 0
0 0 0
0 0 0
0 0 0
0 0 0
0 0 0
0 0 0
0 0 0
0 0 0
0 0 0
0 0 0
57 57 57
0 0 0
0 0 0
0 0 0
0 0 0
0 0 0
0 0 0
0 0 0
0 0 0
0 0 0
0 0 0
67 67 67
0 0 0
0 0 0
0 0 0
0 0 0
0 0 0
55 75 80
0 0 0
0 0 0
0 0 0
0 0 0
0 0 0
0 0 0
0 0 0
0 0 0
0 0 0
0 0 0
0 0 0
0 0 0
67 67 67
0 0 0
0 0 0
