46 61 49
0 0 0
0 0 0
0 0 0
0 0 0
0 0 0
0 0 0
0 0 0
0 0 0
0 0 0
0 0 0
0 0 0
15 46 19
0 0 0
46 61 49
0 0 0
82 91 83
82 91 83
0 0 0
0 0 0
0 0 0
29 38 30
61 81 64
0 0 0
0 0 0
46 61 49
0 0 0
0 0 0
0 0 0
0 0 0
0 0 35
0 0 32
0 0 0
0 0 0
0 1 54
0 0 0
0 0 0
0 4 52
13 27 60
0 0 0
0 0 8
0 0 35
0 0 8
67 67 79
0 0 37
0 0 23
0 0 11
0 0 51
66 105 74
104 137 112
140 185 147
176 220 186
165 206 170
185 231 192
203 255 212
240 255 245
66 94 70
99 121 104
89 103 91
46 61 49
0 0 0
46 61 49
73 103 78
94 110 97
94 110 97
73 103 78
0 0 0
66 87 69
46 61 49
46 61 49
0 0 0
23 39 27
0 0 0
0 0 0
0 0 0
46 61 49
0 0 0
0 0 0
0 0 0
46 61 49
0 0 0
0 0 0
0 0 0
0 0 0
67 67 67
0 0 0
134 144 144
225 225 239
209 209 222
242 242 255
189 189 202
145 145 156
60 60 64
97 97 107
0 0 0
0 0 0
0 0 0
0 0 0
0 0 0
0 0 0
0 0 0
67 67 67
46 61 49
0 0 0
0 0 0
22 51 26
0 0 0
67 67 67
0 0 0
32 56 35
67 67 67
46 61 49
0 0 0
67 67 67
0 0 0
94 110 97
96 118 99
0 0 0
46 61 49
0 0 0
85 104 87
67 67 67
67 67 67
0 0 0
0 0 0
0 0 0
0 0 0
0 0 0
0 0 0
46 61 49
0 0 0
0 0 0
0 0 0
0 0 14
0 0 0
0 0 0
0 0 0
33 50 88
0 0 6
0 2 61
0 1 59
0 0 13
0 0 0
67 67 74
0 3 57
0 0 38
67 67 79
83 114 91
50 88 54
131 174 137
124 161 130
83 144 91
103 152 109
112 157 118
126 169 134
107 157 114
109 149 117
66 87 71
68 94 78
107 133 111
88 107 91
99 135 104
61 97 66
97 136 101
77 115 82
57 83 60
56 74 59
73 103 78
46 61 49
81 106 85
93 123 98
96 112 92
46 61 49
57 75 61
46 61 49
81 106 85
67 67 67
0 0 0
46 61 49
0 0 0
0 0 0
0 0 0
0 0 0
0 0 0
67 67 67
0 0 0
157 157 166
136 142 145
171 171 181
173 173 182
121 121 128
60 60 64
145 145 156
85 85 90
0 0 0
0 0 0
0 0 0
0 0 0
0 0 0
0 0 0
0 0 0
73 103 78
31 55 35
0 0 0
0 0 0
0 0 0
0 0 0
0 0 0
82 91 83
46 61 49
0 0 0
46 61 49
95 138 101
65 100 70
67 67 67
57 83 60
52 80 55
115 140 119
88 107 91
65 100 70
0 0 0
75 88 76
82 91 83
103 122 105
75 113 80
88 107 91
0 0 0
68 98 79
46 61 49
66 87 69
0 4 59
0 0 0
0 0 8
0 0 12
67 67 67
0 0 0
67 67 67
0 0 0
0 0 0
0 0 0
13 27 82
0 0 19
0 0 13
6 17 57
0 0 0
0 0 29
115 140 119
47 90 52
122 168 129
137 195 145
112 155 119
93 123 98
107 153 114
109 148 115
113 164 120
140 185 147
141 192 152
151 202 162
150 201 158
57 57 58
24 66 29
93 123 98
61 97 66
46 61 49
71 99 76
46 61 49
66 87 69
70 101 74
81 106 85
11 34 13
32 56 35
57 83 60
88 107 91
66 87 69
57 83 60
66 87 69
72 110 77
46 61 49
81 106 85
53 78 58
0 0 0
67 67 67
0 0 0
0 0 0
67 67 67
117 121 126
157 157 168
189 195 203
157 157 168
118 118 126
118 118 126
60 60 64
0 0 0
60 60 64
0 0 0
46 61 49
0 0 0
0 0 0
0 0 0
0 0 0
46 61 49
82 91 83
46 61 49
66 87 69
46 61 49
40 52 42
46 61 49
0 0 0
0 0 0
0 0 0
46 61 49
32 56 35
0 0 0
82 91 83
46 61 49
66 87 69
73 103 78
41 55 46
35 86 41
76 126 83
0 0 0
49 86 53
0 0 0
82 91 83
46 61 49
46 61 49
0 0 0
46 61 49
111 145 116
46 61 56
0 0 0
0 0 12
0 0 21
13 27 61
0 0 5
0 0 0
0 0 0
0 0 0
0 0 8
0 0 0
0 0 0
0 0 0
0 0 0
2 10 61
0 2 34
0 0 8
169 223 178
115 149 120
105 140 111
81 106 85
77 110 82
104 137 111
126 178 134
150 202 158
118 155 124
114 151 120
128 172 134
138 177 144
114 151 121
67 93 83
46 61 69
84 111 87
77 119 82
140 189 138
63 88 62
88 118 91
113 157 117
79 143 87
96 133 102
74 137 82
80 118 86
106 145 111
81 106 85
73 103 78
124 163 130
104 137 110
81 106 85
81 106 85
57 83 60
46 61 49
46 61 49
0 0 0
0 0 0
0 0 0
67 67 67
90 114 94
92 115 101
135 135 143
121 121 128
101 101 109
54 54 60
60 60 64
0 0 0
0 0 0
0 0 0
0 0 0
0 0 0
0 0 0
0 0 0
0 0 0
58 76 61
66 87 69
81 106 85
81 106 85
46 61 49
46 61 49
105 126 108
32 56 35
11 34 13
0 0 0
0 0 0
45 79 50
0 0 0
100 123 103
46 61 49
57 83 60
99 135 104
57 83 60
34 70 38
47 71 49
15 46 19
46 61 49
83 101 84
46 61 49
46 61 49
46 61 49
0 0 0
0 0 0
99 135 104
32 64 36
0 0 45
0 0 37
0 0 10
0 0 17
0 0 0
0 0 0
0 0 0
0 0 18
0 2 34
2 10 71
67 67 67
0 0 0
0 2 34
46 61 63
0 0 30
66 87 83
93 123 98
104 137 110
70 101 74
67 103 72
56 83 60
55 85 59
68 91 71
120 164 127
68 92 74
122 160 125
124 153 130
123 170 131
148 195 155
4 21 49
0 0 25
73 106 78
68 98 72
65 100 70
54 98 59
72 130 80
84 118 89
87 138 103
66 87 69
110 145 115
39 76 44
41 79 46
115 165 122
77 122 83
59 95 63
58 94 63
74 112 79
66 87 69
65 100 70
85 127 91
0 0 0
0 0 0
0 0 0
0 0 0
0 0 0
90 97 99
123 135 133
67 67 75
118 118 126
60 60 64
41 55 46
0 0 0
0 0 0
0 0 0
54 54 60
0 0 0
0 0 0
0 0 0
67 67 67
0 0 0
93 123 98
46 61 49
0 0 0
66 87 69
81 106 85
93 123 98
48 64 51
0 0 0
61 97 66
66 87 69
0 0 0
32 56 35
73 103 78
0 0 0
32 56 35
103 139 107
52 80 55
47 67 49
10 42 13
61 81 64
66 87 69
49 77 52
106 145 111
66 87 69
120 151 124
93 123 98
81 106 85
93 123 98
93 123 98
66 87 69
0 0 0
67 68 85
1 9 39
0 0 0
0 0 0
20 39 46
0 0 26
0 0 0
0 0 0
0 0 11
0 0 31
0 0 24
0 0 8
0 0 0
1 7 66
81 106 87
96 139 102
45 79 50
58 117 65
130 192 139
109 163 117
117 159 123
81 106 85
111 170 113
121 160 127
108 136 112
145 185 151
90 131 96
38 81 53
14 36 72
51 73 79
52 80 66
70 101 74
45 79 50
62 89 66
92 140 98
75 128 82
74 109 78
46 61 52
17 67 21
99 133 104
51 94 57
80 118 86
92 135 98
77 115 82
125 165 131
109 135 113
73 103 78
104 146 110
81 106 85
42 73 46
0 0 0
0 0 0
0 0 0
56 37 21
37 49 44
60 67 64
59 78 66
72 95 81
66 93 74
41 55 46
41 55 46
0 0 0
73 81 79
0 0 0
0 0 0
0 0 0
41 55 46
0 0 0
67 67 67
81 104 84
0 0 0
82 91 83
65 100 70
32 56 35
73 103 78
75 88 76
50 70 53
86 138 93
115 152 120
32 56 35
71 129 78
32 56 35
0 0 0
87 130 91
32 56 36
46 61 49
0 0 0
100 132 103
0 0 0
57 83 60
0 0 0
95 95 95
53 90 57
51 94 57
81 106 85
79 117 82
45 79 59
66 87 72
93 133 99
57 58 72
0 0 0
67 67 73
67 67 67
0 0 0
20 39 46
9 24 44
20 39 46
0 0 13
67 67 71
0 0 0
0 0 0
0 0 0
46 61 67
4 15 42
22 51 26
67 97 71
57 83 60
103 143 106
56 95 61
78 104 73
99 135 104
84 118 89
87 120 92
66 87 69
110 138 114
119 161 125
79 88 72
10 42 13
67 67 67
10 32 37
73 103 80
81 106 85
57 83 60
93 123 98
61 70 51
93 123 98
104 137 110
57 83 60
65 119 71
51 94 57
31 72 36
107 139 111
147 199 155
155 204 163
124 163 130
161 208 168
115 154 121
163 218 172
104 137 110
156 207 165
118 158 124
124 167 131
108 146 114
0 0 0
72 95 85
60 81 68
78 108 87
44 69 50
83 102 91
93 123 104
41 55 46
0 0 0
0 0 0
0 0 0
0 0 0
0 0 0
0 0 0
60 60 64
0 0 0
52 80 55
67 67 67
0 0 0
71 84 72
32 56 35
80 118 86
128 172 135
65 100 70
50 77 53
52 80 55
0 0 0
46 61 49
66 87 69
57 83 60
66 87 69
81 106 85
66 87 69
46 61 49
0 0 0
81 106 85
46 61 49
93 123 98
67 67 67
66 87 69
85 104 87
32 56 35
57 83 60
39 88 45
87 104 94
22 51 26
46 61 49
0 0 0
32 56 35
0 0 0
0 0 27
0 0 0
4 15 42
0 0 0
1 9 39
20 39 55
0 0 0
0 0 14
0 0 29
0 0 0
0 0 0
0 0 3
0 0 0
0 0 0
57 83 60
22 51 26
99 135 104
108 150 115
70 101 74
63 98 68
0 0 0
88 107 91
96 133 102
74 104 78
46 61 49
48 70 83
40 52 42
93 123 106
127 170 134
93 123 98
124 163 130
129 163 134
66 87 69
94 110 97
81 106 85
46 61 49
144 193 152
45 99 48
57 83 60
66 90 76
135 181 143
48 74 51
52 80 55
91 120 97
90 136 96
67 67 67
99 135 104
85 121 90
81 113 85
31 66 36
27 48 30
47 75 53
41 55 46
84 116 95
59 78 66
41 55 46
83 110 93
93 123 104
56 74 64
79 87 82
0 0 0
0 0 0
18 32 26
0 0 0
0 0 0
41 55 46
73 103 78
81 106 85
46 61 49
57 83 60
66 87 69
137 166 142
96 131 101
88 129 94
73 103 78
66 87 69
73 103 78
66 87 69
66 87 69
73 103 78
96 133 102
46 61 49
81 106 85
66 92 70
50 65 39
108 156 115
73 115 79
76 99 78
69 112 75
67 67 67
57 83 60
81 106 85
32 56 35
40 85 45
51 94 57
91 119 97
0 0 5
27 30 35
0 0 0
0 3 35
0 0 30
0 0 0
0 0 0
66 91 93
0 0 0
20 39 46
4 15 42
0 0 0
47 69 60
10 29 61
0 0 0
81 106 86
0 1 32
0 0 0
0 0 0
0 0 0
0 0 0
0 0 0
0 0 0
46 61 49
95 95 95
0 0 0
0 0 0
0 0 0
57 83 60
0 0 0
0 2 13
78 124 84
95 160 104
110 138 114
80 118 86
48 74 51
51 95 57
88 138 95
63 130 71
48 92 54
46 85 51
98 159 106
57 83 60
15 46 19
32 56 35
46 88 66
16 37 19
22 51 26
27 77 33
32 56 37
32 56 35
32 56 35
12 28 15
0 0 0
0 0 0
41 55 46
41 55 46
57 70 65
59 78 66
59 78 66
93 123 104
83 110 93
41 55 46
49 71 56
56 74 64
0 0 0
0 0 0
0 0 0
0 0 0
0 0 0
115 140 119
97 121 100
105 126 108
81 106 85
104 137 110
114 151 120
66 87 69
66 87 69
114 151 120
124 153 129
66 87 69
114 151 120
126 171 133
104 137 110
87 120 92
103 159 111
95 124 99
121 154 121
99 135 104
93 133 99
68 98 72
94 110 97
114 151 120
45 91 51
88 107 91
110 156 117
83 121 87
98 151 106
77 93 71
80 123 86
87 120 92
1 9 45
32 56 35
0 0 0
0 0 6
46 61 49
0 0 3
0 0 0
20 39 46
0 0 2
0 0 32
0 2 34
0 3 40
67 68 78
21 39 77
0 0 10
0 0 0
0 0 0
0 0 0
0 0 0
0 0 0
0 0 0
0 0 0
46 61 49
67 67 67
0 0 0
0 0 0
67 67 67
0 0 16
0 6 49
68 94 118
88 142 96
105 126 108
86 140 94
112 155 118
61 97 66
74 124 83
73 115 79
75 120 83
69 118 75
81 128 87
61 97 66
73 103 78
32 56 35
75 88 76
60 99 69
99 135 104
114 158 121
107 144 113
81 106 85
66 87 69
107 147 113
144 193 152
87 120 92
81 106 85
71 99 76
93 123 98
84 100 89
78 92 82
52 76 59
78 114 90
78 108 87
90 103 94
75 99 82
0 0 0
0 0 0
0 0 0
0 0 0
0 0 0
0 0 0
46 61 49
46 61 49
81 106 85
81 106 85
46 61 49
104 137 110
104 137 110
124 163 130
104 137 110
81 106 85
70 101 74
57 83 65
111 165 119
80 118 86
82 125 90
80 128 87
64 105 69
140 198 148
137 178 143
87 120 92
124 163 130
81 106 85
145 185 151
93 123 98
158 200 165
119 161 125
162 213 170
114 151 120
155 204 163
68 98 72
85 120 89
90 131 99
0 0 0
0 0 21
0 0 0
47 66 66
0 0 19
46 61 56
0 3 35
0 0 20
67 67 67
46 61 51
9 25 57
0 6 48
0 0 23
84 97 100
68 79 71
113 140 117
0 0 0
0 0 0
46 61 49
46 61 49
0 0 0
0 0 0
50 50 50
0 0 0
67 67 67
0 0 0
0 0 8
22 51 27
43 94 50
87 120 92
87 130 93
108 169 116
60 94 64
80 118 86
34 62 38
90 143 97
67 110 76
82 116 87
66 120 73
83 144 91
36 73 40
0 0 0
45 91 51
96 133 102
163 206 169
104 137 110
136 185 144
114 151 120
137 180 144
114 151 120
132 174 139
132 174 139
113 148 119
139 173 146
122 160 129
106 145 119
49 71 56
41 55 46
94 130 106
101 132 113
49 71 56
40 64 47
59 78 66
59 78 66
41 55 46
0 0 0
0 0 0
0 0 0
46 61 49
66 87 69
93 123 98
66 87 69
100 123 103
66 87 69
46 61 49
81 106 85
57 83 60
56 97 65
97 160 105
70 107 75
87 120 92
104 175 114
114 159 121
89 126 94
69 120 77
56 95 61
61 97 66
73 103 78
123 182 132
84 118 89
121 169 128
89 140 97
106 154 114
106 163 114
116 167 124
73 103 78
46 88 51
90 155 98
94 151 105
53 90 57
67 90 83
20 39 50
0 0 11
0 1 42
0 0 0
0 0 14
0 0 5
0 0 0
46 61 58
9 25 68
0 0 3
0 0 0
20 39 67
52 80 60
32 56 36
100 108 101
143 149 144
94 127 99
89 107 91
46 61 48
82 91 83
67 67 67
0 0 0
46 61 49
74 84 76
2 2 30
0 2 76
57 83 78
46 61 49
83 123 89
128 172 133
156 189 161
114 152 121
136 183 144
159 210 166
142 192 150
145 197 157
140 185 147
102 135 107
132 174 139
132 174 139
127 176 135
149 187 155
139 191 148
131 176 139
124 165 131
133 177 140
160 205 166
137 194 148
122 160 129
131 172 138
156 197 162
114 151 120
118 159 125
124 161 129
91 120 97
119 160 125
41 55 46
84 98 92
63 98 71
79 87 82
48 64 50
41 55 46
0 0 0
0 0 0
0 0 0
0 0 0
0 0 0
