0 0 0
0 0 0
0 0 0
0 0 0
0 0 0
0 0 0
0 0 0
0 0 0
0 0 0
0 0 0
0 0 0
0 0 0
46 61 49
0 0 0
0 0 0
0 0 0
0 0 0
0 0 0
67 67 67
0 0 0
0 0 0
67 67 67
0 0 0
46 61 49
75 88 76
0 0 0
0 0 0
0 0 0
0 0 0
0 0 0
0 0 0
67 67 67
0 0 0
0 0 0
0 0 0
0 0 0
0 0 0
0 0 0
0 0 0
67 67 67
0 0 0
0 0 0
0 0 0
0 0 0
0 0 0
46 61 49
78 87 79
67 67 67
0 0 0
0 0 0
7 12 8
72 74 72
0 0 8
89 104 98
77 85 85
1 6 47
0 0 0
26 48 32
17 19 17
30 40 32
13 23 15
82 95 84
67 67 67
74 98 78
0 0 0
41 55 44
24 40 26
22 29 23
39 51 41
67 67 67
67 67 67
0 0 0
0 0 0
67 67 67
0 0 0
0 0 0
0 0 0
0 0 0
0 0 0
0 0 0
0 0 0
0 0 0
0 0 0
0 0 0
67 67 67
0 0 0
0 0 0
0 0 0
0 0 0
0 0 0
0 0 0
0 0 0
0 0 0
0 0 0
0 0 0
0 0 0
0 0 0
0 0 0
0 0 0
0 0 0
67 67 67
0 0 0
0 0 0
0 0 0
0 0 0
0 0 0
46 61 69
82 91 83
0 0 0
0 0 0
67 67 67
82 91 83
0 0 0
0 0 0
0 0 0
0 0 0
0 0 0
0 0 0
67 67 67
0 0 0
67 67 67
0 0 0
5 5 5
0 0 0
67 67 67
0 0 0
0 0 0
0 0 0
95 95 95
0 0 0
95 95 95
67 67 67
0 0 0
0 0 0
0 0 0
0 0 0
46 61 49
0 0 0
46 61 49
67 67 67
46 61 49
77 83 78
0 0 0
66 87 69
0 0 0
67 67 67
82 91 83
67 67 67
0 0 0
67 67 67
22 29 24
73 77 74
42 70 46
73 79 91
55 74 86
98 117 111
14 18 51
12 16 32
0 0 0
34 45 43
71 75 72
42 56 44
115 128 117
87 115 92
49 65 52
0 0 0
19 25 20
49 60 52
0 0 0
67 67 67
0 0 0
0 0 0
0 0 0
0 0 0
0 0 0
0 0 0
95 95 95
0 0 0
0 0 0
0 0 0
0 0 0
0 0 0
0 0 0
0 0 0
0 0 0
0 0 0
0 0 0
0 0 0
67 67 67
0 0 0
0 0 0
0 0 0
0 0 0
0 0 0
60 60 64
46 61 49
0 0 0
0 0 0
0 0 0
0 0 0
0 0 0
0 0 0
0 0 0
0 0 0
0 0 0
0 0 0
0 0 0
0 0 0
0 0 0
0 0 0
0 0 0
67 67 67
0 0 0
46 61 49
0 0 0
0 0 0
0 0 0
95 95 95
0 0 0
0 0 0
0 0 0
46 61 49
67 67 67
0 0 0
0 0 0
0 0 0
0 0 0
0 0 0
0 0 0
47 72 50
75 88 76
67 67 67
67 67 67
67 67 67
94 110 97
67 67 67
0 0 0
67 67 67
0 0 0
0 0 0
0 0 0
67 67 67
0 0 0
0 0 0
67 67 67
0 0 0
0 0 0
0 0 0
67 67 67
0 0 0
0 0 0
39 54 64
39 52 42
72 99 104
43 57 65
79 105 107
0 0 0
25 44 28
69 71 70
44 59 46
79 87 80
80 105 84
0 0 35
62 81 65
82 103 86
74 78 74
50 66 54
29 31 29
0 0 0
0 0 0
0 0 0
67 67 67
0 0 0
0 0 0
67 67 67
0 0 0
0 0 0
0 0 0
0 0 0
82 91 83
95 95 95
0 0 0
46 61 49
67 67 67
0 0 0
40 52 42
0 0 0
0 0 0
0 0 0
67 67 67
0 0 0
0 0 0
0 0 0
0 0 0
0 0 0
0 0 0
67 67 67
0 0 0
0 0 0
0 0 0
0 0 0
0 0 0
0 0 0
0 0 0
0 0 0
0 0 0
0 0 0
58 77 61
0 0 0
0 0 0
0 0 0
0 0 0
67 67 67
0 0 0
0 0 0
0 0 0
0 0 0
0 0 0
0 0 0
67 67 67
0 0 0
0 0 0
0 0 0
95 95 95
0 0 0
0 0 0
0 0 0
0 0 0
0 0 0
0 0 0
0 0 0
67 67 67
0 0 0
0 0 0
0 0 0
67 67 67
0 0 0
0 0 0
0 0 0
67 67 67
0 0 0
67 67 67
0 0 0
0 0 0
0 0 0
0 0 0
0 0 0
0 0 0
0 0 0
0 0 0
67 69 89
5 6 5
54 71 67
76 83 90
56 73 59
57 88 91
58 77 65
21 27 27
19 25 20
46 61 50
65 86 72
19 33 21
79 103 83
90 124 95
71 93 76
31 40 32
10 13 10
67 67 67
0 0 0
67 67 67
0 0 0
0 0 0
0 0 0
0 0 0
0 0 0
0 0 0
0 0 0
0 0 0
0 0 0
0 0 0
67 67 67
0 0 0
0 0 0
0 0 0
0 0 0
0 0 0
0 0 0
0 0 0
60 60 64
0 0 0
0 0 0
0 0 0
57 57 57
67 67 67
67 67 67
0 0 0
0 0 0
0 0 0
67 67 67
0 0 0
46 61 49
0 0 0
0 0 0
0 0 0
67 67 67
0 0 0
0 0 0
46 61 49
0 0 0
67 67 67
0 0 0
0 0 0
0 0 0
0 0 0
0 0 0
0 0 0
0 0 0
42 42 42
0 0 0
0 0 0
0 0 0
46 61 49
0 0 0
67 67 67
0 0 0
0 0 0
82 91 83
0 0 0
0 0 0
67 67 67
0 0 0
0 0 0
0 0 0
0 0 0
0 0 0
0 0 0
95 95 95
0 0 0
0 0 0
0 0 0
0 0 0
0 0 0
0 0 0
0 0 0
0 0 0
0 0 0
0 0 0
67 67 67
0 0 0
32 56 35
0 0 0
0 0 0
44 64 49
76 100 82
71 110 86
99 118 103
45 59 53
79 109 84
17 30 19
30 39 31
97 117 100
98 116 101
131 153 135
80 115 85
69 93 73
30 40 32
26 31 27
67 67 67
0 0 0
0 0 0
46 61 49
0 0 0
0 0 0
0 0 0
22 51 26
0 0 0
0 2 0
0 0 0
0 0 0
0 0 0
0 0 0
0 0 0
0 0 0
0 0 0
0 0 0
0 0 0
67 67 67
0 0 0
46 61 49
67 67 67
67 67 67
0 0 0
67 67 67
46 61 49
67 67 67
0 0 0
0 0 0
0 0 0
0 0 0
0 0 0
0 0 0
0 0 0
0 0 0
0 0 0
0 0 0
46 61 49
0 0 0
0 0 0
67 67 67
0 0 0
67 67 67
0 0 0
0 0 0
0 0 0
0 0 0
0 0 0
0 0 0
67 67 67
32 56 35
0 0 0
95 95 95
67 67 67
0 0 0
0 0 0
0 0 0
67 67 67
0 0 0
67 67 67
0 0 0
32 42 33
67 67 67
0 0 0
0 0 0
67 67 67
46 61 49
0 0 0
0 0 0
0 0 0
0 0 11
46 61 49
67 67 67
46 61 49
0 0 0
126 132 127
0 0 0
73 71 53
67 67 67
0 0 0
0 0 0
30 42 64
0 0 0
0 0 0
0 0 0
55 81 59
115 152 134
67 88 73
87 121 93
75 100 84
38 54 40
44 58 53
74 102 78
75 111 79
117 154 133
69 91 73
74 80 75
67 88 70
25 33 26
0 0 0
0 0 0
0 0 0
0 0 0
46 61 49
67 67 72
0 0 0
0 0 0
0 0 0
0 0 0
67 67 67
0 0 0
0 0 0
0 0 0
0 0 0
0 0 0
0 0 0
0 0 0
0 0 0
0 0 0
0 0 0
0 0 0
46 61 49
0 0 0
46 61 49
0 0 0
0 0 0
0 0 0
0 0 0
0 0 0
46 61 49
67 67 67
0 0 0
0 0 0
0 0 0
0 0 0
0 0 0
0 0 0
68 72 67
0 0 0
46 61 49
46 61 49
0 0 0
0 0 0
67 67 67
0 0 0
0 0 0
67 67 67
0 0 0
52 80 55
0 0 0
0 0 0
0 0 0
67 67 67
0 0 0
0 0 0
67 67 67
0 0 0
0 0 0
0 0 0
46 61 49
46 61 49
67 67 67
67 67 67
0 0 0
46 61 49
46 61 49
0 0 0
0 0 0
6 17 57
1 6 74
13 27 78
74 84 122
2 12 93
0 0 15
30 42 70
95 95 95
0 0 0
0 0 0
67 67 67
0 0 0
0 0 0
118 122 118
0 0 0
0 0 0
0 0 0
46 61 49
103 123 106
101 138 107
51 68 53
51 67 54
27 38 28
61 80 64
55 87 67
60 78 60
107 138 111
91 119 95
28 37 30
0 0 0
0 0 4
67 67 67
0 0 0
5 12 6
0 0 0
32 56 35
0 0 0
0 0 0
0 0 0
0 0 0
0 0 0
0 0 0
0 0 0
0 0 0
0 0 0
0 0 0
0 0 0
0 0 0
67 67 67
0 0 0
0 0 0
0 0 0
0 0 0
95 95 95
0 0 0
0 0 0
0 0 0
0 0 0
67 67 67
0 0 0
46 61 49
0 0 0
67 67 67
0 0 0
0 0 0
0 0 0
46 61 49
0 0 0
46 61 49
0 0 0
0 0 0
0 0 0
0 0 0
67 67 67
0 0 0
0 0 0
0 0 0
0 0 0
0 0 0
0 0 0
0 0 0
0 0 0
0 0 0
0 0 0
0 0 0
67 67 67
0 0 0
0 0 0
94 110 97
0 0 0
0 0 0
0 0 0
0 0 0
0 0 0
0 0 0
0 0 0
0 0 0
0 0 0
0 0 37
30 42 71
13 27 84
1 6 54
75 84 132
96 100 127
135 137 171
117 117 117
1 8 90
1 7 97
67 67 67
95 95 95
0 0 0
0 0 0
46 61 49
46 61 49
16 16 16
0 0 0
46 61 49
82 91 83
82 91 83
0 0 0
56 77 69
41 54 43
22 30 24
26 35 27
43 57 46
64 89 68
0 0 0
0 0 0
0 0 0
0 0 0
94 110 97
5 16 54
0 0 0
0 0 0
46 61 49
0 0 0
95 95 95
0 0 0
0 0 0
67 67 67
32 56 35
0 0 0
0 0 0
0 0 0
46 61 49
67 67 67
0 0 0
0 0 0
0 0 0
0 0 0
0 0 0
0 0 0
0 0 0
0 0 0
0 0 0
0 0 0
0 0 0
0 0 0
0 0 0
90 90 93
0 0 0
0 0 0
67 67 67
0 0 0
0 0 0
0 0 0
67 67 67
67 67 67
0 0 0
0 0 0
0 0 0
46 61 49
0 0 0
0 0 0
32 56 35
0 0 0
82 91 83
95 93 84
0 0 0
0 0 0
0 0 0
0 0 0
0 0 0
26 26 26
0 0 0
0 0 0
95 95 95
0 0 0
0 0 0
0 0 0
0 0 0
22 51 26
0 0 0
0 0 0
67 67 67
95 95 95
67 67 67
30 42 64
1 9 83
1 6 67
0 0 24
13 29 86
78 75 87
74 82 150
101 108 132
165 166 180
166 168 185
117 119 173
8 17 78
0 0 0
0 0 0
46 61 49
0 0 0
0 0 0
0 0 0
46 61 49
94 110 97
0 0 0
0 0 0
0 0 0
0 0 0
0 0 0
67 67 67
67 67 67
46 61 49
0 0 0
14 25 16
0 0 0
0 0 0
0 0 0
0 0 0
67 67 67
0 0 0
67 67 67
0 0 0
0 0 0
0 0 0
67 67 67
0 0 0
0 0 0
95 95 95
0 0 0
46 61 49
0 0 0
67 67 67
0 0 0
0 0 0
0 0 0
0 0 0
0 0 0
0 0 0
0 0 0
0 0 0
0 0 0
67 67 67
0 0 0
0 0 0
0 0 0
0 0 0
0 0 0
0 0 0
0 0 0
0 0 0
0 0 0
0 0 0
0 0 0
0 0 0
0 0 0
0 0 0
0 0 0
0 0 0
0 0 0
0 0 0
0 0 0
0 0 0
0 0 0
0 0 0
0 0 0
67 67 67
0 0 0
0 0 0
0 0 0
0 0 0
0 0 0
0 0 0
67 67 67
67 67 67
46 61 49
67 67 67
95 95 95
0 0 0
0 0 0
0 0 0
67 67 67
0 0 0
82 91 83
46 61 49
0 0 0
0 4 51
95 95 99
13 27 76
0 1 43
106 114 128
0 2 62
96 98 132
69 72 94
100 104 115
165 166 181
76 89 155
74 90 139
83 96 128
0 0 0
67 67 67
0 0 0
0 0 0
0 0 0
0 0 0
0 0 0
0 0 0
0 0 0
0 0 0
0 0 0
0 0 0
18 23 19
0 0 0
0 0 0
46 61 49
0 0 0
0 0 0
67 67 67
0 0 0
67 67 67
0 0 0
0 0 0
0 0 0
67 67 67
0 0 0
0 0 0
0 0 0
46 61 49
46 61 49
0 0 0
67 67 67
0 0 0
0 0 0
0 0 0
0 0 0
0 0 0
0 0 0
0 0 0
0 0 0
0 0 0
0 0 0
0 0 0
60 60 64
60 60 64
0 0 0
0 0 0
0 0 0
0 0 0
0 0 0
0 0 0
0 0 0
0 0 0
0 0 0
0 0 0
0 0 0
0 0 0
0 0 0
0 0 0
0 0 0
0 0 0
0 0 0
0 0 0
0 0 0
67 67 67
0 0 0
46 61 49
82 91 83
46 61 49
0 0 0
0 0 0
0 0 0
0 0 0
0 0 0
0 0 0
0 0 0
82 91 83
0 0 0
59 74 61
0 0 0
0 0 0
67 67 67
0 0 0
67 67 67
13 27 64
0 0 11
0 0 4
0 0 39
0 4 66
13 27 64
2 12 83
67 67 67
13 27 76
0 0 44
17 32 88
0 0 16
0 4 61
14 31 98
0 0 48
0 0 59
15 33 104
46 61 49
0 0 0
0 0 0
0 0 0
67 67 67
57 83 60
81 106 85
48 67 78
40 52 42
0 0 0
0 0 0
0 0 0
67 67 67
0 0 0
0 0 0
67 67 67
0 0 0
95 95 95
106 113 107
0 0 0
0 0 0
0 0 0
0 0 0
0 0 0
67 67 67
0 0 0
0 0 0
0 0 0
67 67 67
67 67 67
0 0 0
0 0 0
67 67 67
0 0 0
46 61 49
0 0 0
67 67 67
0 0 0
0 0 0
0 0 0
163 163 171
179 179 191
187 191 198
205 208 218
135 135 143
85 85 90
128 128 136
0 0 0
0 0 0
0 0 0
67 67 67
0 0 0
0 0 0
0 0 0
1 9 39
0 0 0
0 0 0
0 0 0
0 0 0
0 0 0
67 67 67
0 0 0
0 0 0
94 110 97
0 0 0
32 56 35
0 0 0
0 0 0
0 0 0
0 0 0
0 0 0
0 0 0
95 95 95
95 95 95
46 61 49
67 67 67
0 0 0
0 0 0
0 0 0
0 0 0
0 0 0
0 0 0
0 0 9
0 0 0
0 2 46
0 0 0
0 0 27
0 0 0
6 17 76
0 0 0
0 0 25
0 0 13
0 2 82
6 17 58
0 2 59
13 27 75
0 1 46
13 29 82
30 46 99
52 76 137
74 80 93
81 98 83
88 127 93
216 255 225
166 190 169
207 237 211
244 255 249
146 166 149
47 65 63
0 0 0
46 61 49
0 0 0
0 0 0
0 0 0
0 0 0
67 67 67
67 67 67
57 83 60
0 0 0
0 0 0
0 0 0
0 0 0
0 0 0
0 0 0
0 0 0
0 0 0
82 91 83
0 0 0
0 0 0
0 0 0
95 95 95
67 67 67
0 0 0
0 0 0
0 0 0
0 0 0
0 0 0
0 0 0
0 0 0
124 124 130
171 171 181
226 226 240
179 179 191
209 209 222
169 169 180
101 101 109
135 135 143
0 0 0
0 0 0
0 0 0
0 0 0
40 52 42
